1427680444957 0.082616 0.7222003626240636
1427680445054 0.0834735 0.719653625284355
1427680445127 0.0834735 0.719653625284355
1427680445205 0.0834735 0.719653625284355
1427680445278 0.0834735 0.719653625284355
1427680445351 0.0834735 0.719653625284355
1427680445443 0.0834735 0.719653625284355
1427680445520 0.0937635 0.6881897988061692
1427680445626 0.09590725 0.6814210929370816
1427680445699 0.09590725 0.6814210929370816
1427680445811 0.09590725 0.6814210929370816
1427680445883 0.09590725 0.6814210929370816
1427680445960 0.10019475 0.6676576619999758
1427680446068 0.1006235 0.6662646029772523
1427680446140 0.1006235 0.6662646029772523
1427680446237 0.1006235 0.6662646029772523
1427680446310 0.1006235 0.6662646029772523
1427680446390 0.1006235 0.6662646029772523
1427680446460 0.1006235 0.6662646029772523
1427680446531 0.1006235 0.6662646029772523
1427680446638 0.1006235 0.6662646029772523
1427680446712 0.0954785 0.6827808254636272
1427680446789 0.10105224999999998 0.6648684858680723
1427680446862 0.10105224999999998 0.6648684858680723
1427680446936 0.10105224999999998 0.6648684858680723
1427680447009 0.10105224999999998 0.6648684858680723
1427680447081 0.10105224999999998 0.6648684858680723
1427680447163 0.10105224999999998 0.6648684858680723
1427680447228 0.10105224999999998 0.6648684858680723
1427680447307 0.10105224999999998 0.6648684858680723
1427680447408 0.10105224999999998 0.6648684858680723
1427680447476 0.10105224999999998 0.6648684858680723
1427680447600 0.10319600000000001 0.6578418682864008
1427680447673 0.10319600000000001 0.6578418682864008
1427680447746 0.10319600000000001 0.6578418682864008
1427680447843 0.10319600000000001 0.6578418682864008
1427680447917 0.10319600000000001 0.6578418682864008
1427680447993 0.10319600000000001 0.6578418682864008
1427680448100 0.10319600000000001 0.6578418682864008
1427680448175 0.10319600000000001 0.6578418682864008
1427680448247 0.10319600000000001 0.6578418682864008
1427680448323 0.10362475000000002 0.6564273066119637
1427680448393 0.10362475000000002 0.6564273066119637
1427680448471 0.10362475000000002 0.6564273066119637
1427680448547 0.10362475000000002 0.6564273066119637
1427680448620 0.10362475000000002 0.6564273066119637
1427680448693 0.10362475000000002 0.6564273066119637
1427680448802 0.09847975 0.673199410580962
1427680448875 0.09847975 0.673199410580962
1427680448963 0.09847975 0.673199410580962
1427680449036 0.1006235 0.6662646029772523
1427680449113 0.1006235 0.6662646029772523
1427680449186 0.1006235 0.6662646029772523
1427680449260 0.1006235 0.6662646029772523
1427680449335 0.1006235 0.6662646029772523
1427680449408 0.1006235 0.6662646029772523
1427680449480 0.1006235 0.6662646029772523
1427680449558 0.1006235 0.6662646029772523
1427680449634 0.10645450000000001 0.64701350136847
1427680449705 0.10645450000000001 0.64701350136847
1427680449778 0.10645450000000001 0.64701350136847
1427680449877 0.10645450000000001 0.64701350136847
1427680449950 0.10645450000000001 0.64701350136847
1427680450022 0.10688325000000001 0.6455753476156474
1427680450094 0.10688325000000001 0.6455753476156474
1427680450167 0.10688325000000001 0.6455753476156474
1427680450240 0.10688325000000001 0.6455753476156474
1427680450316 0.10688325000000001 0.6455753476156474
1427680450444 0.10688325000000001 0.6455753476156474
1427680450585 0.10688325000000001 0.6455753476156474
1427680450658 0.10362475000000002 0.6564273066119637
1427680450735 0.10362475000000002 0.6564273066119637
1427680450834 0.10362475000000002 0.6564273066119637
1427680450908 0.10362475000000002 0.6564273066119637
1427680450977 0.10362475000000002 0.6564273066119637
1427680451051 0.10362475000000002 0.6564273066119637
1427680451129 0.10362475000000002 0.6564273066119637
1427680451203 0.10362475000000002 0.6564273066119637
1427680451273 0.10362475000000002 0.6564273066119637
1427680451346 0.10362475000000002 0.6564273066119637
1427680451419 0.10362475000000002 0.6564273066119637
1427680451491 0.10362475000000002 0.6564273066119637
1427680451633 0.10362475000000002 0.6564273066119637
1427680451707 0.10362475000000002 0.6564273066119637
1427680451778 0.10859825000000001 0.6397914648370365
1427680451848 0.10688325000000001 0.6455753476156474
1427680451944 0.10688325000000001 0.6455753476156474
1427680452017 0.10688325000000001 0.6455753476156474
1427680452090 0.10688325000000001 0.6455753476156474
1427680452162 0.10688325000000001 0.6455753476156474
1427680452236 0.10688325000000001 0.6455753476156474
1427680452329 0.10688325000000001 0.6455753476156474
1427680452402 0.105597 0.6498804578764392
1427680452502 0.105597 0.6498804578764392
1427680452578 0.105597 0.6498804578764392
1427680452649 0.105597 0.6498804578764392
1427680452721 0.10602575 0.64844853670857
1427680452796 0.10602575 0.64844853670857
1427680452919 0.10602575 0.64844853670857
1427680452989 0.10602575 0.64844853670857
1427680453062 0.10602575 0.64844853670857
1427680453136 0.10602575 0.64844853670857
1427680453214 0.10602575 0.64844853670857
1427680453290 0.10602575 0.64844853670857
1427680453361 0.10602575 0.64844853670857
1427680453451 0.10602575 0.64844853670857
1427680453524 0.10602575 0.64844853670857
1427680453601 0.10731200000000002 0.6441340712427589
1427680453696 0.10731200000000002 0.6441340712427589
1427680453769 0.105597 0.6498804578764392
1427680453841 0.1098845 0.6354206066644016
1427680453915 0.1098845 0.6354206066644016
1427680453987 0.1098845 0.6354206066644016
1427680454059 0.11031325 0.6339573570258489
1427680454133 0.11031325 0.6339573570258489
1427680454206 0.11031325 0.6339573570258489
1427680454283 0.11031325 0.6339573570258489
1427680454356 0.11031325 0.6339573570258489
1427680454431 0.11031325 0.6339573570258489
1427680454499 0.11031325 0.6339573570258489
1427680454571 0.11031325 0.6339573570258489
1427680454644 0.11031325 0.6339573570258489
1427680454716 0.11031325 0.6339573570258489
1427680454811 0.11031325 0.6339573570258489
1427680454884 0.11159949999999999 0.6295486624121184
1427680454959 0.11159949999999999 0.6295486624121184
1427680455034 0.1098845 0.6354206066644016
1427680455107 0.11031325 0.6339573570258489
1427680455181 0.11031325 0.6339573570258489
1427680455254 0.11031325 0.6339573570258489
1427680455353 0.11074200000000001 0.6324909523568296
1427680455425 0.11074200000000001 0.6324909523568296
1427680455527 0.11074200000000001 0.6324909523568296
1427680455600 0.11074200000000001 0.6324909523568296
1427680455672 0.11331450000000001 0.6236260536332286
1427680455754 0.11331450000000001 0.6236260536332286
1427680455828 0.1081695 0.6412421339758777
1427680455923 0.11159949999999999 0.6295486624121184
1427680455996 0.11202825 0.6280727694737859
1427680456070 0.11202825 0.6280727694737859
1427680456142 0.11202825 0.6280727694737859
1427680456217 0.11202825 0.6280727694737859
1427680456326 0.11202825 0.6280727694737859
1427680456399 0.11502949999999998 0.6176525426687454
1427680456471 0.11502949999999998 0.6176525426687454
1427680456544 0.11502949999999998 0.6176525426687454
1427680456618 0.11331450000000001 0.6236260536332286
1427680456718 0.11374325000000002 0.6221374570303256
1427680456790 0.11374325000000002 0.6221374570303256
1427680456863 0.11374325000000002 0.6221374570303256
1427680456935 0.11374325000000002 0.6221374570303256
1427680457084 0.11374325000000002 0.6221374570303256
1427680457156 0.11374325000000002 0.6221374570303256
1427680457229 0.11374325000000002 0.6221374570303256
1427680457302 0.11502949999999998 0.6176525426687454
1427680457374 0.11502949999999998 0.6176525426687454
1427680457471 0.1098845 0.6354206066644016
1427680457541 0.11374325000000002 0.6221374570303256
1427680457615 0.11374325000000002 0.6221374570303256
1427680457687 0.11374325000000002 0.6221374570303256
1427680457759 0.11631575 0.6131388677861367
1427680457835 0.1167445 0.6116279022879172
1427680457907 0.1167445 0.6116279022879172
1427680457996 0.1167445 0.6116279022879172
1427680458070 0.11159949999999999 0.6295486624121184
1427680458181 0.11545824999999998 0.6161511845961176
1427680458253 -0.061787000000000036 -0.22108148609261147
1427680458325 -0.055784500000000015 -0.19081311370528775
1427680458414 -0.055784500000000015 -0.19081311370528775
14276804584