1427673668670 0.0622075 0.8968156368676712
1427673668741 0.0622075 0.8968156368676712
1427673668852 0.0622075 0.8968156368676712
1427673668940 0.0622075 0.8968156368676712
1427673669052 0.074041 0.8648692857671614
1427673669126 0.07446974999999997 0.8636646194579434
1427673669201 0.07446974999999997 0.8636646194579434
1427673669273 0.07275475 0.8684629573471011
1427673669345 0.07446974999999997 0.8636646194579434
1427673669416 0.0748985 0.8624565471050905
1427673669491 0.0748985 0.8624565471050905
1427673669612 0.0748985 0.8624565471050905
1427673669684 0.0748985 0.8624565471050905
1427673669757 0.0748985 0.8624565471050905
1427673669859 0.08090100000000003 0.8451797432139414
1427673669938 0.08090100000000003 0.8451797432139414
1427673670019 0.08090100000000003 0.8451797432139414
1427673670095 0.082616 0.8401162553639704
1427673670170 0.082616 0.8401162553639704
1427673670276 0.082616 0.8401162553639704
1427673670349 0.082616 0.8401162553639704
1427673670424 0.082616 0.8401162553639704
1427673670497 0.082616 0.8401162553639704
1427673670602 0.08475975000000002 0.8337054252897733
1427673670675 0.08475975000000002 0.8337054252897733
1427673670751 0.08475975000000002 0.8337054252897733
1427673670827 0.08475975000000002 0.8337054252897733
1427673670969 0.08475975000000002 0.8337054252897733
1427673671046 0.08475975000000002 0.8337054252897733
1427673671177 0.08475975000000002 0.8337054252897733
1427673671264 0.08433100000000002 0.8349948934251931
1427673671339 0.08433100000000002 0.8349948934251931
1427673671411 0.08433100000000002 0.8349948934251931
1427673671536 0.08433100000000002 0.8349948934251931
1427673671607 0.08433100000000002 0.8349948934251931
1427673671719 0.08433100000000002 0.8349948934251931
1427673671834 0.08433100000000002 0.8349948934251931
1427673671910 0.08433100000000002 0.8349948934251931
1427673671982 0.08433100000000002 0.8349948934251931
1427673672110 0.08433100000000002 0.8349948934251931
1427673672183 0.08433100000000002 0.8349948934251931
1427673672296 0.08433100000000002 0.8349948934251931
1427673672368 0.08433100000000002 0.8349948934251931
1427673672441 0.08433100000000002 0.8349948934251931
1427673672534 0.08433100000000002 0.8349948934251931
1427673672665 0.08433100000000002 0.8349948934251931
1427673672736 0.08433100000000002 0.8349948934251931
1427673672807 0.08433100000000002 0.8349948934251931
1427673672875 0.08433100000000002 0.8349948934251931
1427673672980 0.08475975000000002 0.8337054252897733
1427673673057 0.08475975000000002 0.8337054252897733
1427673673133 0.08475975000000002 0.8337054252897733
1427673673215 0.08475975000000002 0.8337054252897733
1427673673332 0.08475975000000002 0.8337054252897733
1427673673406 0.08475975000000002 0.8337054252897733
1427673673480 0.08475975000000002 0.8337054252897733
1427673673550 0.08475975000000002 0.8337054252897733
1427673673624 0.08475975000000002 0.8337054252897733
1427673673700 0.08475975000000002 0.8337054252897733
1427673673828 0.08475975000000002 0.8337054252897733
1427673673911 0.0869035 0.8272027503558864
1427673674033 0.0869035 0.8272027503558864
1427673674107 0.0869035 0.8272027503558864
1427673674183 0.0869035 0.8272027503558864
1427673674263 0.0869035 0.8272027503558864
1427673674333 0.0869035 0.8272027503558864
1427673674405 0.0869035 0.8272027503558864
1427673674516 0.0869035 0.8272027503558864
1427673674590 0.0869035 0.8272027503558864
1427673674710 0.08733225 0.8258910686527212
1427673674790 0.08733225 0.8258910686527212
1427673674933 0.08733225 0.8258910686527212
1427673675036 0.08733225 0.8258910686527212
1427673675110 0.08733225 0.8258910686527212
1427673675198 0.08733225 0.8258910686527212
1427673675270 0.08218724999999999 0.8413875248112791
1427673675385 0.08218724999999999 0.8413875248112791
1427673675458 0.08218724999999999 0.8413875248112791
1427673675531 0.08218724999999999 0.8413875248112791
1427673675654 0.08604599999999998 0.8298149327734754
1427673675728 0.08604599999999998 0.8298149327734754
1427673675818 0.08604599999999998 0.8298149327734754
1427673675936 0.08604599999999998 0.8298149327734754
1427673676013 0.08604599999999998 0.8298149327734754
1427673676083 0.08604599999999998 0.8298149327734754
1427673676159 0.08604599999999998 0.8298149327734754
1427673676229 0.08604599999999998 0.8298149327734754
1427673676341 0.08475975000000002 0.8337054252897733
1427673676419 0.08475975000000002 0.8337054252897733
1427673676492 0.0851885 0.8324122833913489
1427673676563 0.08861849999999999 0.8219335240946966
1427673676695 0.08861849999999999 0.8219335240946966
1427673676763 0.08861849999999999 0.8219335240946966
1427673676835 0.08861849999999999 0.8219335240946966
1427673676909 0.08861849999999999 0.8219335240946966
1427673676986 0.08861849999999999 0.8219335240946966
1427673677061 0.08861849999999999 0.8219335240946966
1427673677133 0.08861849999999999 0.8219335240946966
1427673677206 0.08861849999999999 0.8219335240946966
1427673677282 0.08861849999999999 0.8219335240946966
1427673677385 0.087761 0.82457564468784
1427673677463 0.087761 0.82457564468784
1427673677591 0.087761 0.82457564468784
1427673677707 0.087761 0.82457564468784
1427673677782 0.087761 0.82457564468784
1427673677853 0.087761 0.82457564468784
1427673677935 0.087761 0.82457564468784
1427673677999 0.087761 0.82457564468784
1427673678118 0.08561725 0.8311154563507589
1427673678200 0.08904725 0.820606804494501
1427673678269 0.08904725 0.820606804494501
1427673678342 0.08904725 0.820606804494501
1427673678415 0.08904725 0.820606804494501
1427673678497 0.08904725 0.820606804494501
1427673678603 0.08904725 0.820606804494501
1427673678726 0.087761 0.82457564468784
1427673678814 0.09161975 0.8125665310904333
1427673678930 0.09161975 0.8125665310904333
1427673679003 0.09161975 0.8125665310904333
1427673679075 0.09161975 0.8125665310904333
1427673679178 0.09204849999999998 0.8112130517999752
1427673679254 0.0869035 0.8272027503558864
1427673679328 0.09033350000000001 0.8166038703847723
1427673679441 0.09033350000000001 0.8166038703847723
1427673679589 0.09076225000000002 0.8152619288160499
1427673679665 0.091191 0.8139161529051754
1427673679737 0.091191 0.8139161529051754
1427673679823 0.09333475 0.8071293532127347
1427673679895 0.0937635 0.805760328113187
1427673679967 0.0937635 0.805760328113187
1427673680040 0.0937635 0.805760328113187
1427673680150 0.0937635 0.805760328113187
1427673680222 0.0937635 0.805760328113187
1427673680337 0.09247724999999998 0.809855703452241
1427673680418 0.09247724999999998 0.809855703452241
1427673680493 0.09247724999999998 0.809855703452241
1427673680565 0.09076225000000002 0.8152619288160499
1427673680678 0.09076225000000002 0.8152619288160499
1427673680800 0.09076225000000002 0.8152619288160499
1427673680873 0.09076225000000002 0.8152619288160499
1427673680998 0.0937635 0.805760328113187
1427673681077 0.0937635 0.805760328113187
1427673681151 0.09419225 0.8043873875417048
1427673681231 0.09419225 0.8043873875417048
1427673681336 0.09419225 0.8043873875417048
1427673681411 0.09419225 0.8043873875417048
1427673681482 0.09419225 0.8043873875417048
1427673681643 0.09504974999999999 0.8016297134817615
1427673681719 0.0954785 0.800244956725607
1427673681788 0.0954785 0.800244956725607
1427673681865 0.0954785 0.800244956725607
1427673681946 0.09590725 0.7988562379630826
1427673682078 0.09590725 0.7988562379630826
1427673682151 0.09590725 0.7988562379630826
1427673682226 0.09590725 0.7988562379630826
1427673682302 0.09590725 0.7988562379630826
1427673682370 0.09590725 0.7988562379630826
1427673682442 -0.10680575000000003 -0.3134493373467762
1427673682517 -0.09934549999999998 -0.2678083101585529
1427673682696 -0.10277550000000002 -0.24642127890749785
1427673682764 -0.09763050000000001 -0.27840971843676027
1427673682837 -0.09505799999999998 -0.2941915452064132
1427673682961 -0.09077049999999998 -0.2678083101585527
1427673683033 -0.09034175 -0.2651481917394907
1427673683132 -0.09505799999999998 -0.2356395322814387
1427673683204 -0.09162799999999999 -0.25714486372308804
1427673683276 -0.09162799999999999 -0.25714486372308804
1427673683350 -0.09162799999999999 -0.25714486372308804
1427673683429 -0.09334299999999995 -0.246421278907498
1427673683502 -0.0929