1427678507173 0.08355925 0.7193983241601859
1427678507245 0.09161975 0.6948839875771413
1427678507318 0.09719350000000002 0.6773238424779411
1427678507416 0.09719350000000002 0.6773238424779411
1427678507488 0.09762225 0.6759520584494244
1427678507562 0.09762225 0.6759520584494244
1427678507647 0.09762225 0.6759520584494244
1427678507720 0.09762225 0.6759520584494244
1427678507818 0.09762225 0.6759520584494244
1427678507890 0.09762225 0.6759520584494244
1427678507965 0.10362475000000002 0.6564273066119637
1427678508073 0.10362475000000002 0.6564273066119637
1427678508154 0.10362475000000002 0.6564273066119637
1427678508220 0.10362475000000002 0.6564273066119637
1427678508290 0.1040535 0.6550096551036828
1427678508363 0.1040535 0.6550096551036828
1427678508435 0.1040535 0.6550096551036828
1427678508509 0.1040535 0.6550096551036828
1427678508583 0.1040535 0.6550096551036828
1427678508657 0.1040535 0.6550096551036828
1427678508729 0.1040535 0.6550096551036828
1427678508810 0.1040535 0.6550096551036828
1427678508910 0.1040535 0.6550096551036828
1427678508984 0.1040535 0.6550096551036828
1427678509058 0.1040535 0.6550096551036828
1427678509134 0.1098845 0.6354206066644016
1427678509207 0.1098845 0.6354206066644016
1427678509281 0.1098845 0.6354206066644016
1427678509354 0.1098845 0.6354206066644016
1427678509458 0.10945574999999999 0.636880705198086
1427678509523 0.10945574999999999 0.636880705198086
1427678509595 0.10748349999999998 0.6435566854239276
1427678509668 0.10748349999999998 0.6435566854239276
1427678509741 0.10748349999999998 0.6435566854239276
1427678509835 0.10748349999999998 0.6435566854239276
1427678509909 0.10705475 0.644999212015387
1427678510021 0.10705475 0.644999212015387
1427678510093 0.10705475 0.644999212015387
1427678510166 0.10705475 0.644999212015387
1427678510256 0.10705475 0.644999212015387
1427678510328 0.10705475 0.644999212015387
1427678510401 0.10705475 0.644999212015387
1427678510475 0.10705475 0.644999212015387
1427678510566 0.10705475 0.644999212015387
1427678510640 0.10705475 0.644999212015387
1427678510712 0.10705475 0.644999212015387
1427678510792 0.10705475 0.644999212015387
1427678510863 0.10705475 0.644999212015387
1427678510936 0.10705475 0.644999212015387
1427678511013 0.10705475 0.644999212015387
1427678511085 0.10748349999999998 0.6435566854239276
1427678511158 0.10748349999999998 0.6435566854239276
1427678511231 0.10748349999999998 0.6435566854239276
1427678511304 0.10748349999999998 0.6435566854239276
1427678511409 0.10748349999999998 0.6435566854239276
1427678511483 0.10748349999999998 0.6435566854239276
1427678511625 0.10748349999999998 0.6435566854239276
1427678511697 0.10748349999999998 0.6435566854239276
1427678511767 0.10748349999999998 0.6435566854239276
1427678511840 0.10748349999999998 0.6435566854239276
1427678511911 0.10748349999999998 0.6435566854239276
1427678511984 0.10748349999999998 0.6435566854239276
1427678512060 0.10748349999999998 0.6435566854239276
1427678512129 0.10748349999999998 0.6435566854239276
1427678512210 0.10748349999999998 0.6435566854239276
1427678512297 0.10748349999999998 0.6435566854239276
1427678512366 0.10748349999999998 0.6435566854239276
1427678512446 0.10748349999999998 0.6435566854239276
1427678512516 0.10748349999999998 0.6435566854239276
1427678512590 0.10748349999999998 0.6435566854239276
1427678512662 0.10748349999999998 0.6435566854239276
1427678512738 0.10748349999999998 0.6435566854239276
1427678512825 0.10748349999999998 0.6435566854239276
1427678512899 0.10748349999999998 0.6435566854239276
1427678512989 0.10748349999999998 0.6435566854239276
1427678513067 0.10705475 0.644999212015387
1427678513141 0.10705475 0.644999212015387
1427678513231 0.10705475 0.644999212015387
1427678513305 0.10705475 0.644999212015387
1427678513390 0.10705475 0.644999212015387
1427678513463 0.10705475 0.644999212015387
1427678513536 0.10705475 0.644999212015387
1427678513609 0.10705475 0.644999212015387
1427678513683 0.10705475 0.644999212015387
1427678513753 0.10705475 0.644999212015387
1427678513826 0.10705475 0.644999212015387
1427678513904 0.10705475 0.644999212015387
1427678513976 0.10705475 0.644999212015387
1427678514114 0.10748349999999998 0.6435566854239276
1427678514186 0.10748349999999998 0.6435566854239276
1427678514261 0.10748349999999998 0.6435566854239276
1427678514330 0.10748349999999998 0.6435566854239276
1427678514402 0.10748349999999998 0.6435566854239276
1427678514476 0.10748349999999998 0.6435566854239276
1427678514548 0.10748349999999998 0.6435566854239276
1427678514630 0.10748349999999998 0.6435566854239276
1427678514693 0.10748349999999998 0.6435566854239276
1427678514770 0.10748349999999998 0.6435566854239276
1427678514843 0.1098845 0.6354206066644016
1427678514993 0.1098845 0.6354206066644016
1427678515067 0.1098845 0.6354206066644016
1427678515139 0.1098845 0.6354206066644016
1427678515213 0.1098845 0.6354206066644016
1427678515291 0.1098845 0.6354206066644016
1427678515364 0.1098845 0.6354206066644016
1427678515437 0.1098845 0.6354206066644016
1427678515511 0.1098845 0.6354206066644016
1427678515582 0.1098845 0.6354206066644016
1427678515680 0.1098845 0.6354206066644016
1427678515750 0.11031325 0.6339573570258489
1427678515824 0.11031325 0.6339573570258489
1427678515894 0.11031325 0.6339573570258489
1427678515970 0.11031325 0.6339573570258489
1427678516043 0.11031325 0.6339573570258489
1427678516147 0.104911 0.6521650649447595
1427678516216 0.10748349999999998 0.6435566854239276
1427678516291 0.10748349999999998 0.6435566854239276
1427678516362 0.10748349999999998 0.6435566854239276
1427678516448 0.10748349999999998 0.6435566854239276
1427678516519 0.11288575 0.6251114687986197
1427678516596 0.11288575 0.6251114687986197
1427678516662 0.11331450000000001 0.6236260536332286
1427678516734 0.11331450000000001 0.6236260536332286
1427678516831 0.11331450000000001 0.6236260536332286
1427678516903 0.11331450000000001 0.6236260536332286
1427678516978 0.11331450000000001 0.6236260536332286
1427678517054 0.11331450000000001 0.6236260536332286
1427678517128 0.11159949999999999 0.6295486624121184
1427678517196 0.11159949999999999 0.6295486624121184
1427678517269 0.11159949999999999 0.6295486624121184
1427678517407 0.11159949999999999 0.6295486624121184
1427678517479 0.11159949999999999 0.6295486624121184
1427678517556 0.11159949999999999 0.6295486624121184
1427678517624 0.11159949999999999 0.6295486624121184
1427678517696 0.11159949999999999 0.6295486624121184
1427678517769 0.11031325 0.6339573570258489
1427678517844 0.11031325 0.6339573570258489
1427678517918 0.11031325 0.6339573570258489
1427678518081 0.11460075 0.6191507050994394
1427678518150 0.11460075 0.6191507050994394
1427678518219 0.11502949999999998 0.6176525426687454
1427678518295 0.11502949999999998 0.6176525426687454
1427678518365 0.11502949999999998 0.6176525426687454
1427678518437 0.11502949999999998 0.6176525426687454
1427678518509 0.11502949999999998 0.6176525426687454
1427678518585 0.11502949999999998 0.6176525426687454
1427678518656 0.11502949999999998 0.6176525426687454
1427678518746 0.11502949999999998 0.6176525426687454
1427678518819 0.11159949999999999 0.6295486624121184
1427678518891 0.11202825 0.6280727694737859
1427678518983 0.11202825 0.6280727694737859
1427678519061 0.11202825 0.6280727694737859
1427678519133 0.11202825 0.6280727694737859
1427678519206 0.11460075 0.6191507050994394
1427678519278 0.11460075 0.6191507050994394
1427678519358 0.11460075 0.6191507050994394
1427678519430 0.11460075 0.6191507050994394
1427678519502 0.11460075 0.6191507050994394
1427678519575 0.11460075 0.6191507050994394
1427678519648 0.11460075 0.6191507050994394
1427678519721 0.11460075 0.6191507050994394
1427678519808 0.11460075 0.6191507050994394
1427678519880 0.11460075 0.6191507050994394
1427678519952 0.11374325000000002 0.6221374570303256
1427678520051 0.11374325000000002 0.6221374570303256
1427678520123 0.11374325000000002 0.6221374570303256
1427678520196 -0.05707074999999995 -0.1799135938726412
1427678520268 -0.05707074999999995 -0.1799135938726412
1427678520340 -0.05149699999999996 -0.15137775393741432
1427678520412 -0.05149699999999996 -0.15137775393741432
1427678520485 -0.05492699999999