1427676854870 0.09590725 0.7988562379630826
1427676854942 0.09590725 0.7988562379630826
1427676855014 0.09590725 0.7988562379630826
1427676855120 0.09590725 0.7988562379630826
1427676855194 0.09590725 0.7988562379630826
1427676855267 0.09590725 0.7988562379630826
1427676855339 0.09590725 0.7988562379630826
1427676855414 0.09590725 0.7988562379630826
1427676855486 0.104911 0.7687572629426763
1427676855564 0.10148099999999999 0.7804370458487605
1427676855667 0.10362475000000002 0.7731685008776685
1427676855740 0.10362475000000002 0.7731685008776685
1427676855816 0.10362475000000002 0.7731685008776685
1427676855887 0.10448225 0.7702318786941722
1427676855964 0.1098845 0.7513404245665032
1427676856040 0.1098845 0.7513404245665032
1427676856109 0.1098845 0.7513404245665032
1427676856179 0.1098845 0.7513404245665032
1427676856286 0.1098845 0.7513404245665032
1427676856357 0.11460075 0.7342836911496703
1427676856436 0.11502949999999998 0.7327064355435136
1427676856541 0.11502949999999998 0.7327064355435136
1427676856616 0.11502949999999998 0.7327064355435136
1427676856688 0.11502949999999998 0.7327064355435136
1427676856770 0.11502949999999998 0.7327064355435136
1427676856833 0.11502949999999998 0.7327064355435136
1427676856917 0.11502949999999998 0.7327064355435136
1427676856984 0.11502949999999998 0.7327064355435136
1427676857056 0.11502949999999998 0.7327064355435136
1427676857154 0.11502949999999998 0.7327064355435136
1427676857231 0.10671175 0.7625176739091671
1427676857342 0.11374325000000002 0.7374247784287506
1427676857413 0.11374325000000002 0.7374247784287506
1427676857492 0.11374325000000002 0.7374247784287506
1427676857562 0.11374325000000002 0.7374247784287506
1427676857672 0.11374325000000002 0.7374247784287506
1427676857742 0.11374325000000002 0.7374247784287506
1427676857809 0.11374325000000002 0.7374247784287506
1427676857891 0.11374325000000002 0.7374247784287506
1427676857957 0.11374325000000002 0.7374247784287506
1427676858032 0.11374325000000002 0.7374247784287506
1427676858108 0.11631575 0.7279476856476944
1427676858186 0.11631575 0.7279476856476944
1427676858258 0.11631575 0.7279476856476944
1427676858369 0.1167445 0.7263524039171753
1427676858440 0.1167445 0.7263524039171753
1427676858523 0.1167445 0.7263524039171753
1427676858590 0.1167445 0.7263524039171753
1427676858663 0.1167445 0.7263524039171753
1427676858759 0.1167445 0.7263524039171753
1427676858832 0.1167445 0.7263524039171753
1427676858907 0.1167445 0.7263524039171753
1427676858979 0.1167445 0.7263524039171753
1427676859054 0.1167445 0.7263524039171753
1427676859130 0.1167445 0.7263524039171753
1427676859206 0.1167445 0.7263524039171753
1427676859283 0.11374325000000002 0.7374247784287506
1427676859356 0.114172 0.7358564683451204
1427676859429 0.114172 0.7358564683451204
1427676859504 0.114172 0.7358564683451204
1427676859654 0.11803074999999999 0.7215393071073326
1427676859724 0.11803074999999999 0.7215393071073326
1427676859798 0.11803074999999999 0.7215393071073326
1427676859874 0.11803074999999999 0.7215393071073326
1427676859946 0.11803074999999999 0.7215393071073326
1427676860020 0.11803074999999999 0.7215393071073326
1427676860094 0.11803074999999999 0.7215393071073326
1427676860199 0.11803074999999999 0.7215393071073326
1427676860272 0.11803074999999999 0.7215393071073326
1427676860344 0.11803074999999999 0.7215393071073326
1427676860417 0.12146075 0.7085025923515779
1427676860496 0.12146075 0.7085025923515779
1427676860596 0.12146075 0.7085025923515779
1427676860666 0.12146075 0.7085025923515779
1427676860770 0.12146075 0.7085025923515779
1427676860844 0.12146075 0.7085025923515779
1427676860917 0.11803074999999999 0.7215393071073326
1427676860994 0.1184595 0.7199258206093688
1427676861075 0.1184595 0.7199258206093688
1427676861145 0.1184595 0.7199258206093688
1427676861215 0.1184595 0.7199258206093688
1427676861288 0.11888825 0.7183077552315555
1427676861388 0.11760200000000001 0.723148225768971
1427676861462 0.12317575 0.7018728584746415
1427676861543 0.12317575 0.7018728584746415
1427676861616 0.12317575 0.7018728584746415
1427676861717 0.12317575 0.7018728584746415
1427676861790 0.12317575 0.7018728584746415
1427676861863 0.11974575000000001 0.7150578438289557
1427676861938 0.11974575000000001 0.7150578438289557
1427676862013 0.12017450000000002 0.7134259758867816
1427676862085 0.12017450000000002 0.7134259758867816
1427676862195 0.1184595 0.7199258206093688
1427676862266 0.11888825 0.7183077552315555
1427676862348 0.11888825 0.7183077552315555
1427676862423 0.11888825 0.7183077552315555
1427676862514 0.11888825 0.7183077552315555
1427676862588 0.12317575 0.7018728584746415
1427676862718 0.12146075 0.7085025923515779
1427676862788 0.12146075 0.7085025923515779
1427676862859 0.12146075 0.7085025923515779
1427676862989 0.12146075 0.7085025923515779
1427676863058 0.12017450000000002 0.7134259758867816
1427676863126 0.12446199999999999 0.6968512671804422
1427676863207 0.12446199999999999 0.6968512671804422
1427676863275 0.12146075 0.7085025923515779
1427676863352 0.12317575 0.7018728584746415
1427676863423 0.12317575 0.7018728584746415
1427676863491 0.12317575 0.7018728584746415
1427676863568 0.11803074999999999 0.7215393071073326
1427676863659 0.12146075 0.7085025923515779
1427676863734 0.12188949999999998 0.7068521685059859
1427676863807 0.11888825 0.7183077552315555
1427676863878 0.121032 0.7101483609967999
1427676863950 0.12060325 0.711789485232
1427676864023 0.12060325 0.711789485232
1427676864096 0.12060325 0.711789485232
1427676864198 0.12060325 0.711789485232
1427676864270 0.12060325 0.711789485232
1427676864394 0.12060325 0.711789485232
1427676864466 0.12060325 0.711789485232
1427676864539 0.12060325 0.711789485232
1427676864612 0.12060325 0.711789485232
1427676864684 0.12617699999999998 0.6900895503738047
1427676864775 0.12300425000000001 0.702539203146625
1427676864850 0.12489075 0.6951679583250943
1427676864923 0.12489075 0.6951679583250943
1427676865042 0.12489075 0.6951679583250943
1427676865118 0.12489075 0.6951679583250943
1427676865184 0.12489075 0.6951679583250943
1427676865257 0.12960699999999997 0.6763364626905459
1427676865329 0.127892 0.6832514987414242
1427676865452 0.12660575000000002 0.6883872194704537
1427676865525 0.12660575000000002 0.6883872194704537
1427676865719 0.12660575000000002 0.6883872194704537
1427676865791 0.12660575000000002 0.6883872194704537
1427676865864 0.12960699999999997 0.6763364626905459
1427676865936 0.12960699999999997 0.6763364626905459
1427676866009 0.12960699999999997 0.6763364626905459
1427676866115 0.127892 0.6832514987414242
1427676866191 0.12489075 0.6951679583250943
1427676866264 0.12660575000000002 0.6883872194704537
1427676866337 0.12660575000000002 0.6883872194704537
1427676866411 0.12660575000000002 0.6883872194704537
1427676866485 0.12660575000000002 0.6883872194704537
1427676866561 0.12660575000000002 0.6883872194704537
1427676866672 0.12660575000000002 0.6883872194704537
1427676866750 0.12660575000000002 0.6883872194704537
1427676866813 0.12660575000000002 0.6883872194704537
1427676866884 0.12832075 0.6815299820784616
1427676866985 0.126863 0.6873635265926907
1427676867062 0.131322 0.6693438073715742
1427676867135 0.131322 0.6693438073715742
1427676867208 0.131322 0.6693438073715742
1427676867315 0.131322 0.6693438073715742
1427676867388 0.131322 0.6693438073715742
1427676867460 0.131322 0.6693438073715742
1427676867531 0.13072175 0.6718001049929628
1427676867604 0.12900675 0.6787655223292614
1427676867678 0.1294355 0.6770314488090169
1427676867761 0.131322 0.6693438073715742
1427676867880 0.13175075 0.6675834426424405
1427676867948 0.13603824999999997 0.649708791623498
1427676868027 0.13586675 0.6504333000967004
1427676868097 0.13432325 0.6569180376734678
1427676868176 0.1311505 0.6700465835384694
1427676868249 0.13303700000000002 0.6622729139680564
1427676868333 -0.04197875000000001 -0.36926543716935045
1427676868406 -0.034347000000000016 -0.32427442393501815
1427676868509 -0.03606199999999998 -0.33451134465018256
1427676868582 -0.030059500000000017 -0.2983750169525187
1427676868652 -0.029630749999999983 -0.29576159878015684
1427676868721 -0.029630749999999983 -0.29576159878015684
1427