1427677029968 0.09590725 0.7988562379630826
1427677030047 0.08870424999999998 0.8216684826786289
1427677030118 0.09462100000000001 0.803010519874752
1427677030190 0.09504974999999999 0.8016297134817615
1427677030266 0.09847975 0.7904400705926483
1427677030404 0.09847975 0.7904400705926483
1427677030500 0.09719350000000002 0.7946661931242904
1427677030572 0.09762225 0.7932615097997998
1427677030647 0.10362475000000002 0.7731685008776685
1427677030719 0.10190975 0.7789916342598906
1427677030795 0.1040535 0.771702287456977
1427677030871 0.1023385 0.777542085635783
1427677030983 0.1023385 0.777542085635783
1427677031056 0.1023385 0.777542085635783
1427677031177 0.10688325000000001 0.7619195148270298
1427677031257 0.10688325000000001 0.7619195148270298
1427677031331 0.10688325000000001 0.7619195148270298
1427677031449 0.10688325000000001 0.7619195148270298
1427677031526 0.10688325000000001 0.7619195148270298
1427677031639 0.11159949999999999 0.7451997192483789
1427677031717 0.11159949999999999 0.7451997192483789
1427677031788 0.11159949999999999 0.7451997192483789
1427677031860 0.11202825 0.7436535744377308
1427677031934 0.11202825 0.7436535744377308
1427677032066 0.11202825 0.7436535744377308
1427677032186 0.11631575 0.7279476856476944
1427677032267 0.11631575 0.7279476856476944
1427677032390 0.11631575 0.7279476856476944
1427677032531 0.1167445 0.7263524039171753
1427677032639 0.1167445 0.7263524039171753
1427677032713 0.1167445 0.7263524039171753
1427677032785 0.1167445 0.7263524039171753
1427677032861 0.1167445 0.7263524039171753
1427677032933 0.1167445 0.7263524039171753
1427677033006 0.1167445 0.7263524039171753
1427677033079 0.1167445 0.7263524039171753
1427677033205 0.11502949999999998 0.7327064355435136
1427677033351 0.11502949999999998 0.7327064355435136
1427677033422 0.11502949999999998 0.7327064355435136
1427677033484 0.11502949999999998 0.7327064355435136
1427677033593 0.11374325000000002 0.7374247784287506
1427677033662 0.11374325000000002 0.7374247784287506
1427677033794 0.11374325000000002 0.7374247784287506
1427677033911 0.11374325000000002 0.7374247784287506
1427677033983 0.11803074999999999 0.7215393071073326
1427677034054 0.11631575 0.7279476856476944
1427677034136 0.11631575 0.7279476856476944
1427677034260 0.11631575 0.7279476856476944
1427677034338 0.11631575 0.7279476856476944
1427677034463 0.1167445 0.7263524039171753
1427677034536 0.1167445 0.7263524039171753
1427677034610 0.1167445 0.7263524039171753
1427677034683 0.11717325 0.7247525876699639
1427677034756 0.11717325 0.7247525876699639
1427677034829 0.11717325 0.7247525876699639
1427677034931 0.11717325 0.7247525876699639
1427677035047 0.11588699999999999 0.7295384440278865
1427677035127 0.11588699999999999 0.7295384440278865
1427677035201 0.11374325000000002 0.7374247784287506
1427677035319 0.11374325000000002 0.7374247784287506
1427677035444 0.11588699999999999 0.7295384440278865
1427677035515 0.11631575 0.7279476856476944
1427677035587 0.11442925000000001 0.7349133388049409
1427677035664 0.1167445 0.7263524039171753
1427677035741 0.1167445 0.7263524039171753
1427677035812 0.1167445 0.7263524039171753
1427677035933 0.1167445 0.7263524039171753
1427677036003 0.1167445 0.7263524039171753
1427677036081 0.1167445 0.7263524039171753
1427677036168 0.1167445 0.7263524039171753
1427677036280 0.12146075 0.7085025923515779
1427677036433 0.12146075 0.7085025923515779
1427677036502 0.12146075 0.7085025923515779
1427677036640 0.11803074999999999 0.7215393071073326
1427677036710 0.1184595 0.7199258206093688
1427677036829 0.1184595 0.7199258206093688
1427677036913 0.1184595 0.7199258206093688
1427677036977 0.1184595 0.7199258206093688
1427677037149 0.12300425000000001 0.702539203146625
1427677037296 0.12300425000000001 0.702539203146625
1427677037376 0.12300425000000001 0.702539203146625
1427677037442 0.12300425000000001 0.702539203146625
1427677037518 0.12300425000000001 0.702539203146625
1427677037638 0.12017450000000002 0.7134259758867816
1427677037710 0.12017450000000002 0.7134259758867816
1427677037789 0.12017450000000002 0.7134259758867816
1427677037863 0.11888825 0.7183077552315555
1427677038025 0.11888825 0.7183077552315555
1427677038097 0.11888825 0.7183077552315555
1427677038208 0.12317575 0.7018728584746415
1427677038279 0.1184595 0.7199258206093688
1427677038351 0.12188949999999998 0.7068521685059859
1427677038480 0.12188949999999998 0.7068521685059859
1427677038580 0.12017450000000002 0.7134259758867816
1427677038754 0.12017450000000002 0.7134259758867816
1427677038881 0.12317575 0.7018728584746415
1427677038960 0.12317575 0.7018728584746415
1427677039122 0.12317575 0.7018728584746415
1427677039190 0.12317575 0.7018728584746415
1427677039265 0.12317575 0.7018728584746415
1427677039340 0.12317575 0.7018728584746415
1427677039446 0.1260055 0.6907691462823868
1427677039521 0.12489075 0.6951679583250943
1427677039639 0.12489075 0.6951679583250943
1427677039712 0.12489075 0.6951679583250943
1427677039784 0.12489075 0.6951679583250943
1427677039856 0.12489075 0.6951679583250943
1427677040029 0.1294355 0.6770314488090169
1427677040103 0.127892 0.6832514987414242
1427677040220 0.127892 0.6832514987414242
1427677040297 0.127892 0.6832514987414242
1427677040470 0.12489075 0.6951679583250943
1427677040597 0.12489075 0.6951679583250943
1427677040670 0.12489075 0.6951679583250943
1427677040746 0.12489075 0.6951679583250943
1427677040824 0.12489075 0.6951679583250943
1427677040897 0.12489075 0.6951679583250943
1427677040972 0.12489075 0.6951679583250943
1427677041048 0.12489075 0.6951679583250943
1427677041274 0.12729174999999998 0.6856535408380948
1427677041375 0.12729174999999998 0.6856535408380948
1427677041446 0.12729174999999998 0.6856535408380948
1427677041526 0.12729174999999998 0.6856535408380948
1427677041592 0.12729174999999998 0.6856535408380948
1427677041664 0.12729174999999998 0.6856535408380948
1427677041735 0.12729174999999998 0.6856535408380948
1427677041864 0.1270345 0.6866801073411318
1427677041938 0.131322 0.6693438073715742
1427677042077 0.131322 0.6693438073715742
1427677042250 0.13003575 0.6745956001238278
1427677042328 0.13046449999999998 0.6728498765068204
1427677042445 0.13046449999999998 0.6728498765068204
1427677042547 0.12874950000000002 0.6798036438068236
1427677042680 0.12874950000000002 0.6798036438068236
1427677042756 0.12874950000000002 0.6798036438068236
1427677042867 0.1294355 0.6770314488090169
1427677042940 0.13303700000000002 0.6622729139680564
1427677043012 0.131322 0.6693438073715742
1427677043082 0.131322 0.6693438073715742
1427677043160 0.131322 0.6693438073715742
1427677043229 0.13175075 0.6675834426424405
1427677043338 0.13175075 0.6675834426424405
1427677043446 0.13072175 0.6718001049929628
1427677043519 0.13432325 0.6569180376734678
1427677043640 -0.03469 -0.34163423230283657
1427677043713 -0.022770750000000006 -0.26940252174104223
1427677043794 -0.037262499999999976 -0.35677612283349497
1427677043863 -0.025343249999999984 -0.28526649955784444
1427677043977 -0.026629499999999973 -0.2773524218660652
1427677044047 -0.026629499999999973 -0.2773524218660652
1427677044124 -0.03177449999999998 -0.2453456882539589
1427677044192 -0.028344499999999995 -0.26674472649254577
1427677044269 -0.027915750000000017 -0.26940252174104207
1427677044343 -0.023628250000000017 -0.2957615987801567
1427677044415 -0.023628250000000017 -0.2957615987801567
1427677044490 -0.023628250000000017 -0.2957615987801567
1427677044603 -0.012223499999999998 -0.224801675980828
1427677044727 -0.006221000000000032 -0.18645866157175447
1427677044796 -0.007507250000000021 -0.19472587226919338
1427677044872 -0.008364750000000032 -0.20022247875368837
1427677044944 -0.00450600000000001 -0.1753956523694794
1427677045017 -0.005363500000000021 -0.18093275421835875
1427677045093 -0.0010760000000000214 -0.15314148761976867
1427677045208 -0.00236225000000001 -0.14475537919117573
1427677045279 -0.004077249999999977 -0.13354212164367799
1427677045355 -0.004077249999999977 -0.13354212164367799
1427677045429 -0.004077249999999977 -0.13354212164367799
1427677045503 -0.003648499999999999 -0.1363487172099849
1427677045588 -0.003648499999999999 -0.1363487172099849
1427677045746 -0.00150474999