1427676012784 0.09247724999999998 0.809855703452241
1427676012852 0.09290599999999999 0.8084944744563898
1427676012965 0.09462100000000001 0.803010519874752
1427676013038 0.09462100000000001 0.803010519874752
1427676013118 0.09462100000000001 0.803010519874752
1427676013183 0.09462100000000001 0.803010519874752
1427676013294 0.09462100000000001 0.803010519874752
1427676013374 0.096336 0.7974635455453881
1427676013470 0.096336 0.7974635455453881
1427676013544 0.096336 0.7974635455453881
1427676013616 0.096336 0.7974635455453881
1427676013735 0.096336 0.7974635455453881
1427676013812 0.096336 0.7974635455453881
1427676013883 0.096336 0.7974635455453881
1427676013953 0.096336 0.7974635455453881
1427676014034 0.096336 0.7974635455453881
1427676014103 0.09890850000000001 0.7890232913690478
1427676014179 0.09890850000000001 0.7890232913690478
1427676014254 0.1006235 0.7833155046098368
1427676014337 0.1006235 0.7833155046098368
1427676014462 0.09890850000000001 0.7890232913690478
1427676014579 0.10190975 0.7789916342598906
1427676014657 0.10190975 0.7789916342598906
1427676014733 0.10190975 0.7789916342598906
1427676014803 0.10190975 0.7789916342598906
1427676014921 0.10190975 0.7789916342598906
1427676014989 0.10190975 0.7789916342598906
1427676015117 0.10190975 0.7789916342598906
1427676015196 0.10190975 0.7789916342598906
1427676015260 0.10190975 0.7789916342598906
1427676015330 0.10190975 0.7789916342598906
1427676015403 0.1006235 0.7833155046098368
1427676015477 0.1006235 0.7833155046098368
1427676015551 0.1006235 0.7833155046098368
1427676015637 0.09719350000000002 0.7946661931242904
1427676015708 0.09676475000000001 0.7960668678186237
1427676015815 0.10190975 0.7789916342598906
1427676015888 0.10190975 0.7789916342598906
1427676015964 0.10190975 0.7789916342598906
1427676016067 0.10190975 0.7789916342598906
1427676016139 0.10190975 0.7789916342598906
1427676016212 0.10190975 0.7789916342598906
1427676016286 0.10190975 0.7789916342598906
1427676016359 0.10190975 0.7789916342598906
1427676016432 0.10190975 0.7789916342598906
1427676016506 0.09890850000000001 0.7890232913690478
1427676016628 0.09719350000000002 0.7946661931242904
1427676016708 0.0954785 0.800244956725607
1427676016777 0.0954785 0.800244956725607
1427676016850 0.0954785 0.800244956725607
1427676016927 0.0954785 0.800244956725607
1427676017030 0.0954785 0.800244956725607
1427676017103 0.0954785 0.800244956725607
1427676017177 0.10019475 0.7847485751310406
1427676017252 0.10019475 0.7847485751310406
1427676017361 0.099766 0.7861775553138161
1427676017434 0.09762225 0.7932615097997998
1427676017514 0.09762225 0.7932615097997998
1427676017582 0.09762225 0.7932615097997998
1427676017661 0.09204849999999998 0.8112130517999752
1427676017736 0.09719350000000002 0.7946661931242904
1427676017817 0.09719350000000002 0.7946661931242904
1427676017913 0.09719350000000002 0.7946661931242904
1427676017987 0.09719350000000002 0.7946661931242904
1427676018103 0.09719350000000002 0.7946661931242904
1427676018178 0.09719350000000002 0.7946661931242904
1427676018254 0.09719350000000002 0.7946661931242904
1427676018325 0.09719350000000002 0.7946661931242904
1427676018404 0.09719350000000002 0.7946661931242904
1427676018482 0.09719350000000002 0.7946661931242904
1427676018564 0.09847975 0.7904400705926483
1427676018669 0.09504974999999999 0.8016297134817615
1427676018745 0.09504974999999999 0.8016297134817615
1427676018822 0.09504974999999999 0.8016297134817615
1427676018896 0.09504974999999999 0.8016297134817615
1427676019000 0.09504974999999999 0.8016297134817615
1427676019068 0.09504974999999999 0.8016297134817615
1427676019141 0.098051 0.7918528061789895
1427676019262 0.09590725 0.7988562379630826
1427676019393 0.09590725 0.7988562379630826
1427676019463 0.09590725 0.7988562379630826
1427676019530 0.09590725 0.7988562379630826
1427676019612 0.09590725 0.7988562379630826
1427676019680 0.09590725 0.7988562379630826
1427676019781 0.0954785 0.800244956725607
1427676019852 0.0954785 0.800244956725607
1427676019929 0.0954785 0.800244956725607
1427676019998 0.0954785 0.800244956725607
1427676020070 0.0954785 0.800244956725607
1427676020142 0.0954785 0.800244956725607
1427676020238 0.0954785 0.800244956725607
1427676020310 0.0954785 0.800244956725607
1427676020405 0.0954785 0.800244956725607
1427676020493 0.0954785 0.800244956725607
1427676020558 0.0954785 0.800244956725607
1427676020629 0.0954785 0.800244956725607
1427676020708 0.0954785 0.800244956725607
1427676020777 0.0954785 0.800244956725607
1427676020884 0.0954785 0.800244956725607
1427676020966 0.09204849999999998 0.8112130517999752
1427676021036 0.09161975 0.8125665310904333
1427676021111 0.09161975 0.8125665310904333
1427676021217 0.09161975 0.8125665310904333
1427676021293 0.09676475000000001 0.7960668678186237
1427676021367 0.09676475000000001 0.7960668678186237
1427676021440 0.09676475000000001 0.7960668678186237
1427676021519 0.09676475000000001 0.7960668678186237
1427676021588 0.09676475000000001 0.7960668678186237
1427676021686 0.09676475000000001 0.7960668678186237
1427676021752 0.09676475000000001 0.7960668678186237
1427676021841 0.09676475000000001 0.7960668678186237
1427676021904 0.09676475000000001 0.7960668678186237
1427676021983 0.09676475000000001 0.7960668678186237
1427676022081 0.09676475000000001 0.7960668678186237
1427676022156 0.09676475000000001 0.7960668678186237
1427676022227 0.09676475000000001 0.7960668678186237
1427676022302 0.09676475000000001 0.7960668678186237
1427676022376 0.09676475000000001 0.7960668678186237
1427676022479 0.09676475000000001 0.7960668678186237
1427676022552 0.09676475000000001 0.7960668678186237
1427676022657 0.09676475000000001 0.7960668678186237
1427676022785 0.09676475000000001 0.7960668678186237
1427676022882 0.09676475000000001 0.7960668678186237
1427676022952 0.09676475000000001 0.7960668678186237
1427676023025 0.09676475000000001 0.7960668678186237
1427676023107 0.09676475000000001 0.7960668678186237
1427676023178 0.09676475000000001 0.7960668678186237
1427676023253 0.09676475000000001 0.7960668678186237
1427676023323 0.09676475000000001 0.7960668678186237
1427676023400 0.09676475000000001 0.7960668678186237
1427676023471 0.09676475000000001 0.7960668678186237
1427676023549 0.09676475000000001 0.7960668678186237
1427676023624 0.0937635 0.805760328113187
1427676023692 0.0937635 0.805760328113187
1427676023768 0.0937635 0.805760328113187
1427676023843 0.0954785 0.800244956725607
1427676023913 0.0954785 0.800244956725607
1427676023984 0.0954785 0.800244956725607
1427676024056 0.0954785 0.800244956725607
1427676024127 0.0954785 0.800244956725607
1427676024201 0.0954785 0.800244956725607
1427676024304 0.0954785 0.800244956725607
1427676024373 0.0954785 0.800244956725607
1427676024459 0.0954785 0.800244956725607
1427676024517 0.0954785 0.800244956725607
1427676024590 0.0954785 0.800244956725607
1427676024691 0.0954785 0.800244956725607
1427676024763 0.0954785 0.800244956725607
1427676024837 0.0954785 0.800244956725607
1427676024914 0.0954785 0.800244956725607
1427676024986 0.0954785 0.800244956725607
1427676025058 0.09590725 0.7988562379630826
1427676025165 0.09590725 0.7988562379630826
1427676025238 0.09590725 0.7988562379630826
1427676025315 0.09590725 0.7988562379630826
1427676025394 0.09590725 0.7988562379630826
1427676025481 0.09590725 0.7988562379630826
1427676025554 0.09590725 0.7988562379630826
1427676025622 0.09590725 0.7988562379630826
1427676025694 0.09590725 0.7988562379630826
1427676025787 -0.08048049999999995 -0.14755308706288442
1427676025871 -0.08133800000000002 -0.14195538745132383
1427676025985 -0.08090924999999999 -0.14475537919117554
1427676026046 -0.08005175000000003 -0.13915315300231693
1427676026117 -0.08005175000000003 -0.13915315300231693
1427676026197 -0.07447799999999999 -0.10253910754380402
1427676026273 -0.07447799999999999 -0.10253910754380402
1427676026360 -0.07276300000000002 -0.09121286480889208
1427676026434 -0.071048 -0.10253910754380437
1427676026503 -0.071048 -0.10253910754380437
1427676026586 -0.071048 -0.10253910754380437
1427676026654 -0.071048 -0.10253910754380437
1427676026724 -0.071048 -0.10253910754380437
1427676026835 -0.071048 -0.1025391075438043