1427675843464 0.09290599999999999 0.8084944744563898
1427675843589 0.09462100000000001 0.803010519874752
1427675843670 0.09462100000000001 0.803010519874752
1427675843741 0.09462100000000001 0.803010519874752
1427675843817 0.09462100000000001 0.803010519874752
1427675843915 0.09462100000000001 0.803010519874752
1427675843991 0.09719350000000002 0.7946661931242904
1427675844111 0.09719350000000002 0.7946661931242904
1427675844186 0.09762225 0.7932615097997998
1427675844252 0.10190975 0.7789916342598906
1427675844334 0.10190975 0.7789916342598906
1427675844432 0.10190975 0.7789916342598906
1427675844507 0.10190975 0.7789916342598906
1427675844575 0.10190975 0.7789916342598906
1427675844645 0.1023385 0.777542085635783
1427675844725 0.10276725 0.7760883883073155
1427675844854 0.1081695 0.7574114829214234
1427675844921 0.1081695 0.7574114829214234
1427675845014 0.1081695 0.7574114829214234
1427675845088 0.1081695 0.7574114829214234
1427675845161 0.1081695 0.7574114829214234
1427675845243 0.1081695 0.7574114829214234
1427675845316 0.1081695 0.7574114829214234
1427675845394 0.10688325000000001 0.7619195148270298
1427675845464 0.10688325000000001 0.7619195148270298
1427675845545 0.10688325000000001 0.7619195148270298
1427675845609 0.10731200000000002 0.7604211250480853
1427675845685 0.10731200000000002 0.7604211250480853
1427675845802 0.10731200000000002 0.7604211250480853
1427675845874 0.10731200000000002 0.7604211250480853
1427675845985 0.10731200000000002 0.7604211250480853
1427675846059 0.10731200000000002 0.7604211250480853
1427675846132 0.10731200000000002 0.7604211250480853
1427675846207 0.10731200000000002 0.7604211250480853
1427675846348 0.10731200000000002 0.7604211250480853
1427675846421 0.10731200000000002 0.7604211250480853
1427675846505 0.10731200000000002 0.7604211250480853
1427675846579 0.10731200000000002 0.7604211250480853
1427675846692 0.10731200000000002 0.7604211250480853
1427675846765 0.1098845 0.7513404245665032
1427675846838 0.1098845 0.7513404245665032
1427675846911 0.11031325 0.7498118063953012
1427675846984 0.11031325 0.7498118063953012
1427675847062 0.11031325 0.7498118063953012
1427675847135 0.11031325 0.7498118063953012
1427675847237 0.11031325 0.7498118063953012
1427675847309 0.11031325 0.7498118063953012
1427675847383 0.11031325 0.7498118063953012
1427675847463 0.11031325 0.7498118063953012
1427675847537 0.11031325 0.7498118063953012
1427675847611 0.11031325 0.7498118063953012
1427675847683 0.10902699999999999 0.754384613559431
1427675847783 0.10902699999999999 0.754384613559431
1427675847860 0.10902699999999999 0.754384613559431
1427675847933 0.10902699999999999 0.754384613559431
1427675848010 0.10902699999999999 0.754384613559431
1427675848085 0.10902699999999999 0.754384613559431
1427675848232 0.10902699999999999 0.754384613559431
1427675848311 0.11159949999999999 0.7451997192483789
1427675848386 0.11159949999999999 0.7451997192483789
1427675848451 0.11159949999999999 0.7451997192483789
1427675848555 0.11031325 0.7498118063953012
1427675848628 0.11031325 0.7498118063953012
1427675848701 0.11031325 0.7498118063953012
1427675848804 0.11031325 0.7498118063953012
1427675848875 0.11031325 0.7498118063953012
1427675848949 0.11074200000000001 0.7482788237707003
1427675849055 0.11117075000000001 0.7467414652101968
1427675849128 0.11117075000000001 0.7467414652101968
1427675849200 0.11117075000000001 0.7467414652101968
1427675849274 0.11117075000000001 0.7467414652101968
1427675849381 0.11117075000000001 0.7467414652101968
1427675849457 0.11117075000000001 0.7467414652101968
1427675849535 0.11331450000000001 0.7389886327232544
1427675849612 0.1081695 0.7574114829214234
1427675849690 0.11159949999999999 0.7451997192483789
1427675849813 0.11202825 0.7436535744377308
1427675849883 0.11202825 0.7436535744377308
1427675849958 0.11202825 0.7436535744377308
1427675850019 0.11202825 0.7436535744377308
1427675850174 0.11202825 0.7436535744377308
1427675850246 0.11202825 0.7436535744377308
1427675850320 0.11502949999999998 0.7327064355435136
1427675850393 0.11502949999999998 0.7327064355435136
1427675850474 0.11502949999999998 0.7327064355435136
1427675850576 0.11502949999999998 0.7327064355435136
1427675850649 0.11502949999999998 0.7327064355435136
1427675850721 0.11502949999999998 0.7327064355435136
1427675850794 0.11502949999999998 0.7327064355435136
1427675850867 0.11502949999999998 0.7327064355435136
1427675850941 0.11502949999999998 0.7327064355435136
1427675851040 0.11502949999999998 0.7327064355435136
1427675851119 0.11502949999999998 0.7327064355435136
1427675851186 0.11631575 0.7279476856476944
1427675851261 0.1167445 0.7263524039171753
1427675851365 0.1167445 0.7263524039171753
1427675851444 0.11159949999999999 0.7451997192483789
1427675851512 0.11502949999999998 0.7327064355435136
1427675851589 0.11502949999999998 0.7327064355435136
1427675851662 0.11502949999999998 0.7327064355435136
1427675851765 0.11502949999999998 0.7327064355435136
1427675851824 0.11502949999999998 0.7327064355435136
1427675851899 0.11374325000000002 0.7374247784287506
1427675852007 0.11631575 0.7279476856476944
1427675852072 0.11631575 0.7279476856476944
1427675852152 0.11631575 0.7279476856476944
1427675852238 0.11631575 0.7279476856476944
1427675852315 0.1167445 0.7263524039171753
1427675852391 0.11717325 0.7247525876699639
1427675852458 0.11717325 0.7247525876699639
1427675852539 0.114172 0.7358564683451204
1427675852637 0.11588699999999999 0.7295384440278865
1427675852708 0.11974575000000001 0.7150578438289557
1427675852779 0.11974575000000001 0.7150578438289557
1427675852858 0.11974575000000001 0.7150578438289557
1427675852928 0.11974575000000001 0.7150578438289557
1427675852998 0.11974575000000001 0.7150578438289557
1427675853112 0.11974575000000001 0.7150578438289557
1427675853194 0.11974575000000001 0.7150578438289557
1427675853265 0.11974575000000001 0.7150578438289557
1427675853338 0.11974575000000001 0.7150578438289557
1427675853416 0.11545824999999998 0.7311246902524549
1427675853489 0.11545824999999998 0.7311246902524549
1427675853579 0.11760200000000001 0.723148225768971
1427675853667 0.11803074999999999 0.7215393071073326
1427675853741 0.11803074999999999 0.7215393071073326
1427675853816 0.11803074999999999 0.7215393071073326
1427675853926 0.11803074999999999 0.7215393071073326
1427675853994 0.11803074999999999 0.7215393071073326
1427675854061 0.11717325 0.7247525876699639
1427675854135 0.12146075 0.7085025923515779
1427675854206 0.12128925000000002 0.7091614578303431
1427675854279 0.11974575000000001 0.7150578438289557
1427675854385 0.11957424999999999 0.7157092990877858
1427675854458 0.11957424999999999 0.7157092990877858
1427675854554 0.11957424999999999 0.7157092990877858
1427675854625 0.1184595 0.7199258206093688
1427675854698 0.1225755 0.7042017807196437
1427675854778 0.12300425000000001 0.702539203146625
1427675854872 0.12146075 0.7085025923515779
1427675854944 0.12146075 0.7085025923515779
1427675855019 0.12146075 0.7085025923515779
1427675855095 0.12146075 0.7085025923515779
1427675855172 0.12146075 0.7085025923515779
1427675855243 0.12146075 0.7085025923515779
1427675855344 0.12146075 0.7085025923515779
1427675855416 0.12146075 0.7085025923515779
1427675855491 0.12146075 0.7085025923515779
1427675855565 0.12146075 0.7085025923515779
1427675855639 0.12146075 0.7085025923515779
1427675855710 0.12188949999999998 0.7068521685059859
1427675855825 0.12017450000000002 0.7134259758867816
1427675855896 0.12017450000000002 0.7134259758867816
1427675855970 0.12017450000000002 0.7134259758867816
1427675856053 0.12017450000000002 0.7134259758867816
1427675856123 0.12017450000000002 0.7134259758867816
1427675856190 0.12017450000000002 0.7134259758867816
1427675856316 0.12017450000000002 0.7134259758867816
1427675856379 0.12017450000000002 0.7134259758867816
1427675856454 0.12617699999999998 0.6900895503738047
1427675856526 0.1260055 0.6907691462823868
1427675856605 0.12489075 0.6951679583250943
1427675856682 0.12489075 0.6951679583250943
1427675856849 0.1236045 0.7002037067464765
1427675856916 -0.04892449999999998 -0.2983750169525186
1427675856994 -0.04892449999999998 -0.2983750169525186
1427675857081 -0.05021074999999997 -0.30619000