1427677398475 0.096336 0.7974635455453881
1427677398552 0.10190975 0.7789916342598906
1427677398650 0.09513549999999998 0.8013530785320818
1427677398724 0.09513549999999998 0.8013530785320818
1427677398810 0.09513549999999998 0.8013530785320818
1427677398883 0.09513549999999998 0.8013530785320818
1427677398957 0.09513549999999998 0.8013530785320818
1427677399028 0.09513549999999998 0.8013530785320818
1427677399105 0.098051 0.7918528061789895
1427677399180 0.10362475000000002 0.7731685008776685
1427677399281 0.1040535 0.771702287456977
1427677399349 0.1040535 0.771702287456977
1427677399426 0.1040535 0.771702287456977
1427677399497 0.1040535 0.771702287456977
1427677399571 0.1040535 0.771702287456977
1427677399644 0.1040535 0.771702287456977
1427677399727 0.1040535 0.771702287456977
1427677399795 0.1040535 0.771702287456977
1427677399865 0.1040535 0.771702287456977
1427677399938 0.1040535 0.771702287456977
1427677400009 0.1040535 0.771702287456977
1427677400082 0.1040535 0.771702287456977
1427677400160 0.11331450000000001 0.7389886327232544
1427677400256 0.11331450000000001 0.7389886327232544
1427677400333 0.11374325000000002 0.7374247784287506
1427677400394 0.11374325000000002 0.7374247784287506
1427677400467 0.11374325000000002 0.7374247784287506
1427677400539 0.11374325000000002 0.7374247784287506
1427677400611 0.11374325000000002 0.7374247784287506
1427677400703 0.11374325000000002 0.7374247784287506
1427677400776 0.11803074999999999 0.7215393071073326
1427677400853 0.11803074999999999 0.7215393071073326
1427677400952 0.11803074999999999 0.7215393071073326
1427677401025 0.11803074999999999 0.7215393071073326
1427677401101 0.11803074999999999 0.7215393071073326
1427677401172 0.11460075 0.7342836911496703
1427677401251 0.11460075 0.7342836911496703
1427677401326 0.11460075 0.7342836911496703
1427677401395 0.11803074999999999 0.7215393071073326
1427677401472 0.11460075 0.7342836911496703
1427677401558 0.11460075 0.7342836911496703
1427677401634 0.11460075 0.7342836911496703
1427677401727 0.11460075 0.7342836911496703
1427677401798 0.11460075 0.7342836911496703
1427677401870 0.1184595 0.7199258206093688
1427677401979 0.1184595 0.7199258206093688
1427677402055 0.1184595 0.7199258206093688
1427677402125 0.1184595 0.7199258206093688
1427677402202 0.1184595 0.7199258206093688
1427677402273 0.11331450000000001 0.7389886327232544
1427677402346 0.11331450000000001 0.7389886327232544
1427677402418 0.11331450000000001 0.7389886327232544
1427677402491 0.11331450000000001 0.7389886327232544
1427677402570 0.11331450000000001 0.7389886327232544
1427677402642 0.11331450000000001 0.7389886327232544
1427677402725 0.11331450000000001 0.7389886327232544
1427677402829 0.11717325 0.7247525876699639
1427677402901 0.11717325 0.7247525876699639
1427677402977 0.11717325 0.7247525876699639
1427677403052 0.11717325 0.7247525876699639
1427677403123 0.11717325 0.7247525876699639
1427677403205 0.11717325 0.7247525876699639
1427677403278 0.11717325 0.7247525876699639
1427677403362 0.11717325 0.7247525876699639
1427677403434 0.11717325 0.7247525876699639
1427677403506 0.11717325 0.7247525876699639
1427677403578 0.11717325 0.7247525876699639
1427677403651 0.11717325 0.7247525876699639
1427677403729 0.11717325 0.7247525876699639
1427677403798 0.11717325 0.7247525876699639
1427677403872 0.11717325 0.7247525876699639
1427677403942 0.11803074999999999 0.7215393071073326
1427677404020 0.11442925000000001 0.7349133388049409
1427677404094 0.118288 0.7205717640564305
1427677404163 0.118288 0.7205717640564305
1427677404257 0.1184595 0.7199258206093688
1427677404332 0.1184595 0.7199258206093688
1427677404405 0.11888825 0.7183077552315555
1427677404478 0.121032 0.7101483609967999
1427677404552 0.121032 0.7101483609967999
1427677404626 0.121032 0.7101483609967999
1427677404699 0.121032 0.7101483609967999
1427677404772 0.121032 0.7101483609967999
1427677404851 0.121032 0.7101483609967999
1427677404936 0.121032 0.7101483609967999
1427677405008 0.121032 0.7101483609967999
1427677405083 0.121032 0.7101483609967999
1427677405155 0.121032 0.7101483609967999
1427677405228 0.12017450000000002 0.7134259758867816
1427677405302 0.11657299999999998 0.7269910601267153
1427677405376 0.120003 0.7140792771793067
1427677405448 0.12017450000000002 0.7134259758867816
1427677405521 0.12017450000000002 0.7134259758867816
1427677405594 0.1184595 0.7199258206093688
1427677405669 0.11888825 0.7183077552315555
1427677405741 0.122747 0.7035373122549361
1427677405834 0.12317575 0.7018728584746415
1427677405907 0.12317575 0.7018728584746415
1427677405982 0.12300425000000001 0.702539203146625
1427677406054 0.12317575 0.7018728584746415
1427677406134 0.12317575 0.7018728584746415
1427677406202 0.12317575 0.7018728584746415
1427677406280 0.12317575 0.7018728584746415
1427677406350 0.12317575 0.7018728584746415
1427677406425 0.12317575 0.7018728584746415
1427677406571 0.12317575 0.7018728584746415
1427677406642 0.12317575 0.7018728584746415
1427677406719 0.12317575 0.7018728584746415
1427677406788 0.12317575 0.7018728584746415
1427677406860 0.12317575 0.7018728584746415
1427677406935 0.12317575 0.7018728584746415
1427677407014 0.12317575 0.7018728584746415
1427677407104 0.12317575 0.7018728584746415
1427677407174 0.12317575 0.7018728584746415
1427677407245 0.1236045 0.7002037067464765
1427677407320 0.1236045 0.7002037067464765
1427677407392 0.1236045 0.7002037067464765
1427677407465 0.12188949999999998 0.7068521685059859
1427677407536 0.12188949999999998 0.7068521685059859
1427677407610 0.12188949999999998 0.7068521685059859
1427677407702 0.12188949999999998 0.7068521685059859
1427677407773 0.12188949999999998 0.7068521685059859
1427677407842 0.12188949999999998 0.7068521685059859
1427677407919 0.12086050000000001 0.7108053674144927
1427677407988 0.12471925 0.6958418500815046
1427677408062 0.12489075 0.6951679583250943
1427677408158 0.12317575 0.7018728584746415
1427677408237 0.1236045 0.7002037067464765
1427677408308 0.1236045 0.7002037067464765
1427677408400 0.1236045 0.7002037067464765
1427677408477 0.1236045 0.7002037067464765
1427677408543 0.1236045 0.7002037067464765
1427677408614 0.1236045 0.7002037067464765
1427677408689 0.1236045 0.7002037067464765
1427677408767 0.1236045 0.7002037067464765
1427677408842 0.1236045 0.7002037067464765
1427677408915 0.12489075 0.6951679583250943
1427677408988 0.1253195 0.6934799094891838
1427677409067 0.12960699999999997 0.6763364626905459
1427677409138 0.1294355 0.6770314488090169
1427677409232 0.127892 0.6832514987414242
1427677409304 0.127892 0.6832514987414242
1427677409377 0.127892 0.6832514987414242
1427677409454 0.127892 0.6832514987414242
1427677409546 0.127892 0.6832514987414242
1427677409618 0.127892 0.6832514987414242
1427677409699 0.127892 0.6832514987414242
1427677409767 0.1253195 0.6934799094891838
1427677409837 0.12960699999999997 0.6763364626905459
1427677409910 0.12960699999999997 0.6763364626905459
1427677409983 0.1294355 0.6770314488090169
1427677410058 0.1260055 0.6907691462823868
1427677410130 0.127892 0.6832514987414242
1427677410216 0.12832075 0.6815299820784616
1427677410289 0.12832075 0.6815299820784616
1427677410369 0.12832075 0.6815299820784616
1427677410439 0.12832075 0.6815299820784616
1427677410511 0.12832075 0.6815299820784616
1427677410581 0.12832075 0.6815299820784616
1427677410655 0.12832075 0.6815299820784616
1427677410750 0.12832075 0.6815299820784616
1427677410821 0.12832075 0.6815299820784616
1427677410892 0.12832075 0.6815299820784616
1427677410965 0.12832075 0.6815299820784616
1427677411040 0.12832075 0.6815299820784616
1427677411114 0.13243675 0.6647566642514213
1427677411186 0.131322 0.6693438073715742
1427677411258 0.131322 0.6693438073715742
1427677411336 0.1311505 0.6700465835384694
1427677411406 0.131322 0.6693438073715742
1427677411480 0.13003575 0.6745956001238278
1427677411552 0.13003575 0.6745956001238278
1427677411627 0.13046449999999998 0.6728498765068204
1427677411702 0.13415175000000001 0.6576345924241249
1427677411793 0.13260824999999998 0.6640480053406359
1427677411862 0.13260824999999998 0.6640480053406359
1427677411949 0.13260824999999998 0.6640480053406359
1427677412023 0.131322 0.6693438073715742
1427677412097 0.1