1427387774675 0.012152750000000045 -0.6078465785953302
1427387774747 0.018069500000000016 -0.6339378257253651
1427387774820 0.018069500000000016 -0.6339378257253651
1427387774891 0.018069500000000016 -0.6339378257253651
1427387774967 0.018069500000000016 -0.6339378257253651
1427387775040 0.018069500000000016 -0.6339378257253651
1427387775125 0.018069500000000016 -0.6339378257253651
1427387775212 0.018069500000000016 -0.6339378257253651
1427387775284 0.03933550000000002 -0.7199258206093688
1427387775380 0.035905500000000035 -0.7068521685059859
1427387775454 0.03993574999999999 -0.7221834220928185
1427387775519 0.03993574999999999 -0.7221834220928185
1427387775591 0.03993574999999999 -0.7221834220928185
1427387775676 0.03993574999999999 -0.7221834220928185
1427387775750 0.03993574999999999 -0.7221834220928185
1427387775830 0.04122199999999998 -0.7269910601267151
1427387775904 0.04122199999999998 -0.7269910601267151
1427387775987 0.0376205 -0.7134259758867816
1427387776060 0.0376205 -0.7134259758867816
1427387776138 0.0376205 -0.7134259758867816
1427387776236 0.0376205 -0.7134259758867816
1427387776305 0.0376205 -0.7134259758867816
1427387776376 0.0376205 -0.7134259758867816
1427387776452 0.041650750000000014 -0.7285845311755318
1427387776524 0.041650750000000014 -0.7285845311755318
1427387776617 0.03933550000000002 -0.7199258206093688
1427387776688 0.04122199999999998 -0.7269910601267151
1427387776760 0.041650750000000014 -0.7285845311755318
1427387776835 0.041650750000000014 -0.7285845311755318
1427387776905 0.041650750000000014 -0.7285845311755318
1427387776977 0.041650750000000014 -0.7285845311755318
1427387777064 0.041650750000000014 -0.7285845311755318
1427387777136 0.041650750000000014 -0.7285845311755318
1427387777208 0.04062175000000001 -0.7247525876699639
1427387777305 0.041650750000000014 -0.7285845311755318
1427387777377 0.041650750000000014 -0.7285845311755318
1427387777465 0.041650750000000014 -0.7285845311755318
1427387777537 0.041650750000000014 -0.7285845311755318
1427387777609 0.0376205 -0.7134259758867816
1427387777686 0.041650750000000014 -0.7285845311755318
1427387777795 0.03993574999999999 -0.7221834220928185
1427387777867 0.03993574999999999 -0.7221834220928185
1427387777939 0.03993574999999999 -0.7221834220928185
1427387778084 0.03993574999999999 -0.7221834220928185
1427387778156 0.04062175000000001 -0.7247525876699639
1427387778228 0.03719175000000002 -0.711789485232
1427387778301 0.03907825000000004 -0.7189555315536815
1427387778373 0.039507000000000014 -0.7205717640564305
1427387778461 0.039507000000000014 -0.7205717640564305
1427387778533 0.039507000000000014 -0.7205717640564305
1427387778606 0.039507000000000014 -0.7205717640564305
1427387778678 0.039507000000000014 -0.7205717640564305
1427387778777 0.039507000000000014 -0.7205717640564305
1427387778850 0.039507000000000014 -0.7205717640564305
1427387778924 0.039507000000000014 -0.7205717640564305
1427387778997 0.039507000000000014 -0.7205717640564305
1427387779068 0.039507000000000014 -0.7205717640564305
1427387779139 0.039507000000000014 -0.7205717640564305
1427387779212 0.039507000000000014 -0.7205717640564305
1427387779284 0.04705300000000001 -0.7482788237707003
1427387779359 0.04533799999999999 -0.7421030193494472
1427387779434 0.04490925000000001 -0.7405480425742562
1427387779531 0.04902525000000002 -0.7552944887293859
1427387779604 0.049454 -0.756807490187536
1427387779680 0.049454 -0.756807490187536
1427387779753 0.049454 -0.756807490187536
1427387779847 0.049454 -0.756807490187536
1427387779923 0.04773900000000003 -0.7507295002968629
1427387779991 0.04791050000000002 -0.7513404245665032
1427387780080 0.05074025000000004 -0.761320672213369
1427387780153 0.05074025000000004 -0.761320672213369
1427387780275 0.05074025000000004 -0.761320672213369
1427387780349 0.05074025000000004 -0.761320672213369
1427387780441 0.05074025000000004 -0.761320672213369
1427387780513 0.05074025000000004 -0.761320672213369
1427387780587 0.05074025000000004 -0.761320672213369
1427387780660 0.04962549999999999 -0.7574114829214234
1427387780736 0.049454 -0.756807490187536
1427387780838 0.042937 -0.7333378759173729
1427387780910 0.04962549999999999 -0.7574114829214234
1427387780982 0.04791050000000002 -0.7513404245665032
1427387781054 0.04833925 -0.7528646897831078
1427387781126 0.04731025 -0.7491991377232625
1427387781200 0.052626750000000055 -0.7678704692946242
1427387781271 0.052626750000000055 -0.7678704692946242
1427387781359 0.052626750000000055 -0.7678704692946242
1427387781437 0.05219800000000002 -0.7663890981526786
1427387781536 0.04962549999999999 -0.7574114829214234
1427387781609 0.05091175000000003 -0.7619195148270299
1427387781684 0.05116900000000002 -0.7628164973578807
1427387781760 0.05116900000000002 -0.7628164973578807
1427387781831 0.05116900000000002 -0.7628164973578807
1427387781924 0.05116900000000002 -0.7628164973578807
1427387781995 0.05116900000000002 -0.7628164973578807
1427387782069 0.05116900000000002 -0.7628164973578807
1427387782144 0.05116900000000002 -0.7628164973578807
1427387782216 0.05116900000000002 -0.7628164973578807
1427387782287 0.05116900000000002 -0.7628164973578807
1427387782358 0.05116900000000002 -0.7628164973578807
1427387782443 0.05005425000000002 -0.7589184516063694
1427387782521 0.052626750000000055 -0.7678704692946242
1427387782593 0.05245525000000001 -0.7672784285623574
1427387782667 0.05245525000000001 -0.7672784285623574
1427387782739 0.05245525000000001 -0.7672784285623574
1427387782811 0.05245525000000001 -0.7672784285623574
1427387782902 0.05245525000000001 -0.7672784285623574
1427387782976 0.05134050000000001 -0.7634136325346715
1427387783068 0.053913000000000044 -0.7722892756138975
1427387783141 0.053913000000000044 -0.7722892756138975
1427387783212 0.053913000000000044 -0.7722892756138975
1427387783285 0.053913000000000044 -0.7722892756138975
1427387783358 0.053913000000000044 -0.7722892756138975
1427387783429 0.053913000000000044 -0.7722892756138975
1427387783566 0.053913000000000044 -0.7722892756138975
1427387783638 0.053913000000000044 -0.7722892756138975
1427387783711 0.053913000000000044 -0.7722892756138975
1427387783783 0.053913000000000044 -0.7722892756138975
1427387783855 0.053913000000000044 -0.7722892756138975
1427387783928 0.053913000000000044 -0.7722892756138975
1427387784003 0.05305550000000003 -0.7693476148270382
1427387784077 0.05305550000000003 -0.7693476148270382
1427387784150 0.05305550000000003 -0.7693476148270382
1427387784221 0.05305550000000003 -0.7693476148270382
1427387784294 0.05305550000000003 -0.7693476148270382
1427387784368 0.05305550000000003 -0.7693476148270382
1427387784456 0.05305550000000003 -0.7693476148270382
1427387784526 0.05305550000000003 -0.7693476148270382
1427387784604 0.05305550000000003 -0.7693476148270382
1427387784692 0.05305550000000003 -0.7693476148270382
1427387784766 0.05305550000000003 -0.7693476148270382
1427387784838 0.05348425000000001 -0.770820546385866
1427387784910 0.05562800000000001 -0.7781224022765444
1427387784983 0.05605674999999999 -0.7795702946861012
1427387785084 0.05605674999999999 -0.7795702946861012
1427387785159 0.05588525 -0.7789916342598906
1427387785230 0.05588525 -0.7789916342598906
1427387785300 0.172248 -0.20844435693099758
1427387785374 0.17859350000000002 -0.1676254873300708
1427387785469 0.17687850000000002 -0.1787192397428387
1427387785542 0.17739300000000002 -0.17539565236947952
1427387785614 0.18330975000000002 -0.13690977848349214
1427387785689 0.18048000000000003 -0.11835097418756534
1427387785761 0.18048000000000003 -0.11835097418756534
1427387785856 0.18048000000000003 -0.11835097418756534
1427387785928 0.18219500000000002 -0.12960933899723043
1427387786001 0.18648250000000005 -0.1014076222108878
1427387786077 0.18648250000000005 -0.1014076222108878
1427387786147 0.18648250000000005 -0.1014076222108878
1427387786236 0.18648250000000005 -0.1014076222108878
1427387786308 0.18648250000000005 -0.1014076222108878
1427387786380 0.18519625000000003 -0.09291336972443445
1427387786471 0.18519625000000003 -0.09291336972443445
1427387786543 0.185625 -0.09007890029759574
1427387786617 0.185625 -0.09007890029759574
1427387786689 0.185625 -0.09007890029759574
1427387786761 0.18673975000000004 -0.08270259519398909
1427387786857 0.18673975000000004 -0.08270259519398909
1427387786926 0.18845475 -0.07133707555175646
1427387787003 0.18845475 -0.07133707555175646
1427387787069 0.19085575000000002 -0.08724297877661309
1427387787168 0.19145600000000002 -0.09121286480889199
1427387787241 0.18974100000000002 -0.10253910754380402
1427387787339 0.18433875 -0.13803164052322212
1427387787412 0.18673975000000004 -0.1536998036843871
1427387787483 0.18673975000000004 -0.1536998036843871
1427387787557 0.18330975000000002 -0.1312953182158349
1427387787660 0.18519625 -0.14363565425918057
1427387787731 0.19359975000000001 -0.0883775187892104
1427387787820 0.19359975000000001 -0.0883775187892104
1427387787899 0.19359975000000001 -0.0883775187892104
1427387787972 0.1940285 -0.09121286480889199
1427387788059 0.193857 -0.09007890029759565
1427387788130 0.193857 -0.09007890029759565
1427387788203 0.193857 -0.09007890029759565
1427387788279 0.1940285 -0.09121286480889199
1427387788351 0.19231350000000003 -0.07986310698111428
1427387788423 0.18005125000000002 -0.16039197220713536
1427387788516 0.17962250000000002 -0.16317613980839799
1427387788591 0.17987975 -0.1615059427229503
1427387788663 0.17962250000000002 -0.16317613980839799
1427387788733 0.18176625000000002 -0.14923059848563539
1427387788806 0.18519625 -0.17151318431946821
1427387788952 0.18502475000000002 -0.1704029426461287
1427387789024 0.18519625 -0.17151318431946821
1427387789096 0.18348124999999998 -0.16039197220713547
1427387789170 0.18348124999999998 -0.16039197220713547
1427387789242 0.18391000000000002 -0.16317613980839807
1427387789315 0.18974100000000002 -0.12510979497608274
1427387789387 0.18974100000000002 -0.12510979497608274
1427387789461 0.18974100000000002 -0.12510979497608274
1427387789552 0.18974100000000002 -0.12510979497608274
1427387789626 0.18974100000000002 -0.12510979497608274
1427387789698 0.18974100000000002 -0.12510979497608274
1427387789769 0.18802600000000003 -0.1363487172099849
1427387789841 0.193171 -0.1025391075438042
1427387789914 0.19445725000000003 -0.11101665802237108
1427387790002 0.19445725000000003 -0.11101665802237108
1427387790077 0.19445725000000003 -0.11101665802237108
1427387790169 0.19274225000000003 -0.12229497995882535
1427387790290 0.19102725000000004 -0.13354212164367799
1427387790362 0.19274225000000003 -0.12229497995882535
1427387790434 0.19231350000000003 -0.12510979497608274
1427387790506 0.19385700000000003 -0.13522633582169405
1427387790619 0.19402850000000005 -0.1363487172099849
1427387790692 0.19402850000000005 -0.1363487172099849
1427387790768 0.19702975 -0.1559320990504614
1427387790836 0.19514325000000005 -0.14363565425918057
1427387790908 0.19274225000000003 -0.12792261846386158
1427387790983 0.19059850000000003 -0.14195538745132402
1427387791053 0.18734 -0.16317613980839807
1427387791126 0.194886 -0.11383901199457415
1427387791215 0.194886 -0.11383901199457415
1427387791288 0.19728700000000002 -0.12960933899723043
1427387791378 0.19728700000000002 -0.12960933899723043
1427387791451 0.19257075 -0.16039197220713547
1427387791541 0.19257075 -0.16039197220713547
1427387791614 0.19299950000000005 -0.1576052942208229
1427387791686 0.19557200000000002 -0.14083476048493102
1427387791758 0.19574350000000001 -0.14195538745132394
1427387791830 0.19617225000000002 -0.14475537919117554
1427387791904 0.19488600000000006 -0.1363487172099849
1427387791999 0.199002 -0.1631761398083979
1427387792073 0.19745850000000004 -0.15314148761976867
1427387792145 0.19788725000000001 -0.1559320990504614
1427387792218 0.19617225000000002 -0.14475537919117554
1427387792289 0.19617225000000002 -0.14475537919117554
1427387792361 0.19788725000000001 -0.13354212164367799
1427387792436 0.19788725000000001 -0.13354212164367799
1427387792510 0.19788725000000001 -0.13354212164367799
1427387792603 0.19788725000000001 -0.13354212164367799
1427387792675 0.19788725000000001 -0.13354212164367799
1427387792753 0.19617225000000002 -0.14475537919117554
1427387792821 0.19788725000000001 -0.1559320990504614
1427387792915 0.19617225000000002 -0.14475537919117554
1427387792988 0.19660100000000003 -0.14755308706288442
1427387793059 0.19660100000000003 -0.14755308706288442
1427387793131 0.19514325000000005 -0.13803164052322212
1427387793204 0.18639675000000003 -0.19472587226919344
1427387793312 0.19514325000000005 -0.13803164052322212
1427387793392 0.19514325000000005 -0.13803164052322212
1427387793457 0.19514325000000005 -0.13803164052322212
1427387793529 0.19514325000000005 -0.13803164052322212
1427387793601 0.19831600000000005 -0.15872026411036674
1427387793673 0.19642950000000003 -0.14643428060385005
1427387793778 0.19660100000000003 -0.14755308706288442
1427387793852 0.20088850000000003 -0.1753956523694794
1427387793927 0.20071700000000003 -0.17428691556250636
1427387793999 0.199002 -0.1853543902394901
1427387794096 0.19943075000000005 -0.18259171568856722
1427387794164 0.19788725000000001 -0.1726229991348734
1427387794237 0.19831600000000005 -0.1753956523694794
1427387794309 0.19642950000000003 -0.1631761398083979
1427387794400 0.19702975000000003 -0.16706968143201315
1427387794472 0.20174600000000004 -0.1363487172099849
1427387794544 0.20174600000000004 -0.1363487172099849
1427387794636 0.20174600000000004 -0.1363487172099849
1427387794708 0.20174600000000004 -0.1363487172099849
1427387794780 0.20431850000000001 -0.15314148761976884
1427387794852 0.20260350000000002 -0.14195538745132402
1427387794942 0.20303225000000003 -0.14475537919117573
1427387795014 0.20131725 -0.13354212164367799
1427387795087 0.19960225 -0.14475537919117573
1427387795161 0.19960225 -0.14475537919117573
1427387795232 0.19960225 -0.14475537919117573
1427387795309 0.19960225 -0.14475537919117573
1427387795380 0.19960225 -0.14475537919117573
1427387795475 0.19960225 -0.14475537919117573
1427387795547 0.19960225 -0.14475537919117573
1427387795618 0.19960225 -0.14475537919117573
1427387795691 0.20131725 -0.1559320990504616
1427387795763 0.19985950000000002 -0.1464342806038501
1427387795903 0.20388975000000004 -0.17262299913487356
1427387795978 0.19874475000000003 -0.13915315300231684
1427387796049 0.20260350000000002 -0.16428909503747963
1427387796122 0.20260350000000002 -0.16428909503747963
1427387796201 0.20303225000000003 -0.1670696814320133
1427387796273 0.2032895 -0.16540163971676644
1427387796345 0.2032895 -0.16540163971676644
1427387796418 0.2032895 -0.16540163971676644
1427387796490 0.20346100000000003 -0.16428909503747963
1427387796562 0.20474725000000005 -0.1559320990504616
1427387796716 0.20474725000000005 -0.1559320990504616
1427387796788 0.20431850000000001 -0.15314148761976884
1427387796870 0.20474725000000005 -0.1559320990504616
1427387796960 0.2032895 -0.1464342806038501
1427387797032 0.20731975000000002 -0.17262299913487347
1427387797106 0.20174600000000004 -0.1363487172099849
1427387797178 0.20174600000000004 -0.1363487172099849
1427387797273 0.20174600000000004 -0.1363487172099849
1427387797345 0.20174600000000004 -0.1363487172099849
1427387797418 0.19874475000000003 -0.11665954566045553
1427387797490 0.15235400000000004 0.1897687066103948
1427387797589 0.15604125000000002 0.1659577573107974
1427387797661 0.1556125 0.16873678523108132
1427387797733 0.15261124999999998 0.14923059848563539
1427387797810 0.14626574999999997 0.10762749135086248
1427387797915 0.15518375 0.1659577573107974
1427387797987 0.14532250000000002 0.2291434172235757
1427387798075 0.13546125000000003 0.2905222820646247
1427387798148 0.131774 0.312931934962413
1427387798220 0.130745 0.30670964396794986
1427387798315 0.13117375000000003 0.3093052766453429
1427387798388 0.14386475000000004 0.23076931504177536
1427387798460 0.14815225000000004 0.20351458817774257
1427387798534 0.14909550000000005 0.1974756867707521
1427387798634 0.14909550000000005 0.1974756867707521
1427387798705 0.15501225000000002 0.15927760002716343
1427387798776 0.15329725 0.1481123509658145
1427387798850 0.15329725 0.1481123509658145
1427387798922 0.15304 0.1464342806038501
1427387798995 0.15304 0.1464342806038501
1427387799070 0.154755 0.15760529422082298
1427387799151 0.154755 0.15760529422082298
1427387799241 0.154755 0.15760529422082298
1427387799313 0.15346875 0.14923059848563539
1427387799385 0.15329725 0.1481123509658145
1427387799457 0.15329725 0.1481123509658145
1427387799530 0.15329725 0.1481123509658145
1427387799603 0.15329725 0.1481123509658145
1427387799675 0.15329725 0.1481123509658145
1427387799767 0.15329725 0.1481123509658145
1427387799844 0.15329725 0.1481123509658145
1427387799912 0.15329725 0.1481123509658145
1427387799985 0.15329725 0.1481123509658145
1427387800058 0.15518375 0.16039197220713555
1427387800160 0.15346875 0.14923059848563539
1427387800231 0.15346875 0.14923059848563539
1427387800323 0.15346875 0.14923059848563539
1427387800402 0.15346875 0.14923059848563539
1427387800471 0.15346875 0.14923059848563539
1427387800543 0.15604125000000002 0.1659577573107974
1427387800620 0.1562985 0.16762548733007088
1427387800717 0.15647 0.16873678523108132
1427387800794 0.15518375 0.16039197220713555
1427387800862 0.15518375 0.16039197220713555
1427387800934 0.154755 0.15760529422082298
1427387801008 0.15304 0.1464342806038501
1427387801080 0.15304 0.1464342806038501
1427387801151 0.15304 0.1464342806038501
1427387801223 0.15304 0.1464342806038501
1427387801295 0.15304 0.1464342806038501
1427387801369 0.15304 0.1464342806038501
1427387801440 0.15304 0.1464342806038501
1427387801517 0.15304 0.1464342806038501
1427387801606 0.15304 0.1464342806038501
1427387801679 0.1573275 0.17428691556250656
1427387801772 0.15175375000000002 0.1380316405232223
1427387801843 0.15175375000000002 0.1380316405232223
1427387801918 0.15775625000000001 0.1770579401858822
1427387801991 0.15818500000000002 0.17982621965717568
1427387802064 0.15647 0.16873678523108132
1427387802136 0.15647 0.16873678523108132
1427387802209 0.15647 0.16873678523108132
1427387802312 0.15647 0.16873678523108132
1427387802384 0.15647 0.16873678523108132
1427387802456 0.15647 0.16873678523108132
1427387802533 0.15209675 0.14027431326420003
1427387802606 0.15775625000000001 0.1770579401858822
1427387802677 0.15604125000000002 0.1659577573107974
1427387802749 0.15689875 0.17151318431946821
1427387802836 0.15689875 0.17151318431946821
1427387802909 0.15689875 0.17151318431946821
1427387802982 0.16247250000000002 0.20734973208636306
1427387803054 0.16247250000000002 0.20734973208636306
1427387803145 0.16247250000000002 0.20734973208636306
1427387803216 0.16247250000000002 0.20734973208636306
1427387803288 0.16247250000000002 0.20734973208636306
1427387803362 0.16247250000000002 0.20734973208636306
1427387803434 0.16247250000000002 0.20734973208636306
1427387803506 0.15346875 0.14923059848563539
1427387803579 0.15346875 0.14923059848563539
1427387803651 0.14600849999999999 0.10027587626828306
1427387803741 0.15175375000000002 0.1380316405232223
1427387803813 0.15175375000000002 0.1380316405232223
1427387803924 0.15175375000000002 0.1380316405232223
1427387803995 0.15175375000000002 0.1380316405232223
1427387804067 0.15175375000000002 0.1380316405232223
1427387804140 0.1477235 0.1115812723680441
1427387804211 0.15346875 0.14923059848563539
1427387804300 0.14643725000000002 0.10310475160454392
1427387804373 0.15226825 0.14139511865750617
1427387804447 0.15055325 0.13017141488780418
1427387804527 0.15689875 0.17151318431946821
1427387804599 0.15689875 0.17151318431946821
1427387804674 0.1477235 0.1115812723680441
1427387804746 0.1477235 0.1115812723680441
1427387804835 0.1477235 0.1115812723680441
1427387804909 0.14600849999999999 0.10027587626828306
1427387804999 0.15226825 0.14139511865750617
1427387805071 0.15226825 0.14139511865750617
1427387805155 0.15226825 0.14139511865750617
1427387805229 0.150982 0.13298054702977125
1427387805300 0.15689875 0.17151318431946821
1427387805406 0.13580424999999996 0.03257347461697703
1427387805474 0.14883825 0.11891463302206973
1427387805547 0.14129225 0.06906165996504075
1427387805619 0.154755 0.15760529422082298
1427387805693 0.154755 0.15760529422082298
1427387805782 0.154755 0.15760529422082298
1427387805854 0.14009175000000001 0.06109221570806984
1427387869209 0.06051574999999998 -0.3360406772704662
1427387914295 0.15758475 0.2768235346389526
1427387914367 0.149953 0.22914341722357587
1427387914439 0.149953 0.22914341722357587
1427387914511 0.142407 0.18093275421835894
1427387914583 0.149953 0.22914341722357587
1427387914670 0.149953 0.22914341722357587
1427387914741 0.149953 0.22914341722357587
1427387914812 0.149953 0.22914341722357587
1427387914888 0.14943850000000003 0.22588792652166084
1427387914963 0.149953 0.22914341722357587
1427387915036 0.13451800000000003 0.3242744239350184
1427387915122 0.13451800000000003 0.3242744239350184
1427387915194 0.13451800000000003 0.3242744239350184
1427387915266 0.13451800000000003 0.3242744239350184
1427387915338 0.13451800000000003 0.3242744239350184
1427387915410 0.13451800000000003 0.3242744239350184
1427387915484 0.13451800000000003 0.3242744239350184
1427387915556 0.13451800000000003 0.3242744239350184
1427387915627 0.1340035 0.32118944952890693
1427387915716 0.1340035 0.32118944952890693
1427387915789 0.1340035 0.32118944952890693
1427387915860 0.1340035 0.32118944952890693
1427387915932 0.1340035 0.32118944952890693
1427387916005 0.1340035 0.32118944952890693
1427387916078 0.1340035 0.32118944952890693
1427387916150 0.1340035 0.32118944952890693
1427387916221 0.1340035 0.32118944952890693
1427387916296 0.1340035 0.32118944952890693
1427387916367 0.1340035 0.32118944952890693
1427387916439 0.1340035 0.32118944952890693
1427387916511 0.1340035 0.32118944952890693
1427387916583 0.10887875000000002 0.16373266858358979
1427387916655 0.11145125 0.1469937301665916
1427387916728 0.1093075 0.16094900783233043
1427387916801 0.11059375000000005 0.15258307531158788
1427387916875 0.11187999999999998 0.14419556223857438
1427387916949 0.10587750000000001 0.18314447753010638
1427387917020 0.10587750000000001 0.18314447753010638
1427387917099 0.10759250000000004 0.17206814523994282
1427387917165 0.10887875000000002 0.16373266858358979
1427387917238 0.10287625 0.2024177116577295
1427387917314 0.10201875000000005 0.20789710769743505
1427387917386 0.09944625000000001 0.2242583481149236
1427387917458 0.09901749999999998 0.2269736350092014
1427387917605 0.09901749999999998 0.2269736350092014
1427387917677 0.04688150000000002 -0.11609558662176328
1427387917771 0.05279824999999999 -0.0770223276164304
1427387917843 0.05331275000000002 -0.07361175142695708
1427387917918 0.05331275000000002 -0.07361175142695708
1427387917988 0.05331275000000002 -0.07361175142695708
1427387918074 0.05331275000000002 -0.07361175142695708
1427387918141 0.05331275000000002 -0.07361175142695708
1427387918213 0.05331275000000002 -0.07361175142695708
1427388029901 0.07766575000000003 -0.008574789834235562
1427388029973 0.08023825000000001 -0.02571932752618805
1427388030062 0.08709825000000004 -0.07133707555175636
1427388030134 0.08709825000000004 -0.07133707555175636
1427388030205 0.08538325000000002 -0.059953065406809156
1427388030278 0.08409700000000003 -0.05140467415966288
1427388030350 0.0900995 -0.0912128648088919
1427388030422 0.08924200000000004 -0.08554074737920145
1427388030494 0.09481575000000003 -0.12229497995882535
1427388030566 0.09481575000000003 -0.12229497995882535
1427388030638 0.09310075000000007 -0.111016658022371
1427388030709 0.09181450000000002 -0.1025391075438042
1427388030783 0.09224325 -0.10536666230304917
1427388030854 0.09653075 -0.1335421216436779
1427388030927 0.09653075 -0.1335421216436779
1427388030999 0.09653075 -0.1335421216436779
1427388031070 0.09653075 -0.1335421216436779
1427388031145 0.09653075 -0.1335421216436779
1427388031214 0.09653075 -0.1335421216436779
1427388031290 0.09653075 -0.1335421216436779
1427388031358 0.09653075 -0.1335421216436779
1427388031433 0.09653075 -0.1335421216436779
1427388031503 0.09653075 -0.1335421216436779
1427388031577 0.09653075 -0.1335421216436779
1427388031668 0.09653075 -0.1335421216436779
1427388031740 0.09953200000000006 -0.15314148761976876
1427388031812 0.09953200000000006 -0.15314148761976876
1427388031884 0.094387 -0.11947821594757722
1427388031957 0.09824575000000002 -0.14475537919117573
1427388032032 0.09910325000000003 -0.15034847011758568
1427388032103 0.1027905 -0.17428691556250636
1427388032173 0.10321924999999998 -0.17705794018588183
1427388032248 0.10364800000000002 -0.1798262196571754
1427388032319 0.10407675000000005 -0.1825917156885671
1427388032412 0.10793550000000007 -0.207349732086363
1427388032487 0.10793550000000007 -0.207349732086363
1427388032556 0.10622050000000005 -0.19637612162516868
1427388032628 0.10664925000000003 -0.19912412699819027
1427388032701 0.10536300000000004 -0.19087112398947725
1427388032775 0.10922175 -0.21554696803170542
1427388032850 0.10922175 -0.21554696803170542
1427388032923 0.10407675000000005 -0.1825917156885671
1427388032993 0.10407675000000005 -0.1825917156885671
1427388033086 0.10407675000000005 -0.1825917156885671
1427388033158 0.10407675000000005 -0.1825917156885671
1427388033230 0.10407675000000005 -0.1825917156885671
1427388033303 0.10493425 -0.18811420551923064
1427388033375 0.10922175 -0.21554696803170542
1427388033448 0.10922175 -0.21554696803170542
1427388033520 0.10793550000000007 -0.207349732086363
1427388033591 0.10236175000000003 -0.17151318431946805
1427388033664 0.10236175000000003 -0.17151318431946805
1427388033735 0.10622050000000005 -0.19637612162516868
1427388033811 0.10622050000000005 -0.19637612162516868
1427388033901 0.10622050000000005 -0.19637612162516868
1427388033974 0.10450550000000003 -0.18535439023949002
1427388034047 0.10536300000000004 -0.19087112398947725
1427388034116 0.10579175000000007 -0.1936251083668152
1427388034188 0.10965050000000004 -0.21827291104358024
1427388034260 0.10965050000000004 -0.21827291104358024
1427388034332 0.10965050000000004 -0.21827291104358024
1427388034407 0.10793550000000007 -0.207349732086363
1427388034476 0.10793550000000007 -0.207349732086363
1427388034549 0.10793550000000007 -0.207349732086363
1427388034620 0.10793550000000007 -0.207349732086363
1427388034718 0.10793550000000007 -0.207349732086363
1427388034792 0.10793550000000007 -0.207349732086363
1427388034864 0.10793550000000007 -0.207349732086363
1427388034939 0.10793550000000007 -0.207349732086363
1427388035011 0.10793550000000007 -0.207349732086363
1427388035083 0.11779675 -0.269402521741042
1427388035155 0.11779675 -0.269402521741042
1427388035227 0.11651050000000007 -0.26141756702240376
1427388035299 0.11651050000000007 -0.26141756702240376
1427388035371 0.11479550000000005 -0.250717804645788
1427388035448 0.11522425000000003 -0.25339835021297086
1427388035520 0.11548150000000001 -0.2550048956788456
1427388035592 0.11951175000000003 -0.2799944652374442
1427388035664 0.11865425000000002 -0.27470639801976066
1427388035740 0.11848275000000003 -0.2736468802397868
1427388035827 0.12062650000000003 -0.28684495058194415
1427388035899 0.12251300000000004 -0.2983750169525186
1427388035970 0.12251300000000004 -0.2983750169525186
1427388036043 0.12079800000000002 -0.28789643577748775
1427388036114 0.115653 -0.2560751794534108
1427388036189 0.11951175000000003 -0.2799944652374442
1427388036261 0.12379925000000003 -0.30619000371066907
1427388036333 0.11805400000000005 -0.2709953310608485
1427388036405 0.124228 -0.30878649324138574
1427388036477 0.12251300000000004 -0.2983750169525186
1427388036549 0.11736800000000003 -0.26674472649254577
1427388036626 0.12122675000000005 -0.2905222820646247
1427388036696 0.12165550000000003 -0.29314401182653294
1427388036773 0.11976900000000001 -0.28157776904379134
1427388036847 0.124228 -0.30878649324138574
1427388036921 0.124228 -0.30878649324138574
1427388036995 0.124228 -0.30878649324138574
1427388037068 0.124228 -0.30878649324138574
1427388037142 0.124228 -0.30878649324138574
1427388037212 0.124228 -0.30878649324138574
1427388037285 0.124228 -0.30878649324138574
1427388037359 0.124228 -0.30878649324138574
1427388037431 0.124228 -0.30878649324138574
1427388037505 0.124228 -0.30878649324138574
1427388037599 0.124228 -0.30878649324138574
1427388037672 0.124228 -0.30878649324138574
1427388037745 0.124228 -0.30878649324138574
1427388037819 0.124228 -0.30878649324138574
1427388037890 0.124228 -0.30878649324138574
1427388037963 0.124228 -0.30878649324138574
1427388038034 0.124228 -0.30878649324138574
1427388038112 0.13048775 -0.34619430280948604
1427388038222 0.12894425000000004 -0.3370593258926236
1427388038296 0.12894425000000004 -0.3370593258926236
1427388038368 0.12894425000000004 -0.3370593258926236
1427388038440 0.12894425000000004 -0.3370593258926236
1427388038512 0.12894425000000004 -0.3370593258926236
1427388038617 0.12894425000000004 -0.3370593258926236
1427388038689 0.13065925000000006 -0.3472056252589645
1427388038761 0.12894425000000004 -0.3370593258926236
1427388038834 0.12379925000000003 -0.30619000371066907
1427388038907 0.12765800000000005 -0.3294018403654891
1427388039031 0.12808675000000003 -0.3319588423727556
1427388039106 0.12877275000000005 -0.33604067727046594
1427388039178 0.13065925000000006 -0.3472056252589645
1427388039250 0.13065925000000006 -0.3472056252589645
1427388039336 0.12937300000000007 -0.3396027651051444
1427388039410 0.12937300000000007 -0.3396027651051444
1427388039488 0.12937300000000007 -0.3396027651051444
1427388039554 0.12937300000000007 -0.3396027651051444
1427388039626 0.12937300000000007 -0.3396027651051444
1427388039699 0.12937300000000007 -0.3396027651051444
1427388039771 0.12937300000000007 -0.3396027651051444
1427388039846 0.12937300000000007 -0.3396027651051444
1427388039935 0.12937300000000007 -0.3396027651051444
1427388040007 0.12937300000000007 -0.3396027651051444
1427388040079 0.12937300000000007 -0.3396027651051444
1427388040151 0.12937300000000007 -0.3396027651051444
1427388040226 0.13237425000000003 -0.35727796413498786
1427388040300 0.132803 -0.3597843483747816
1427388040372 0.13177400000000006 -0.35376113623004235
1427388040444 0.13537550000000004 -0.37472297815163946
1427388040516 0.13537550000000004 -0.37472297815163946
1427388040589 0.13408925000000005 -0.367275127122296
1427388040660 0.13451800000000003 -0.3697625366602518
1427388040734 0.13323175000000004 -0.362286015515192
1427388040806 0.13520400000000005 -0.3737324280838427
1427388040887 0.13709050000000006 -0.3845858934416184
1427388040960 0.13194550000000005 -0.3547668810203868
1427388041033 0.13606150000000006 -0.37867745593875435
1427388041105 0.132803 -0.3597843483747816
1427388041182 0.13434650000000004 -0.36876814633426236
1427388041249 0.13880550000000003 -0.39437069105773703
1427388041323 0.13863400000000003 -0.393395753593302
1427388041394 0.13709050000000006 -0.3845858934416184
1427388041466 0.13751925000000004 -0.3870394538652618
1427388041538 0.13031625000000002 -0.42751630033315613
1427388041624 0.13666175000000003 -0.3919318671527783
1427388041696 0.14223550000000001 -0.3597843483747818
1427388041768 0.14094925000000003 -0.36727512712229604
1427388041841 0.14223550000000001 -0.37472297815163946
1427388041912 0.14223550000000001 -0.37472297815163946
1427388041985 0.1412065 -0.36876814633426247
1427388042072 0.141378 -0.369762536660252
1427388042144 0.14352175 -0.357277964134988
1427388042239 0.14180674999999998 -0.3672751271222962
1427388042312 0.14009175000000007 -0.37719597698749663
1427388042386 0.14678025000000006 -0.3380772477865238
1427388042460 0.1480665 -0.3456883646015257
1427388042546 0.14678025000000006 -0.3380772477865238
1427388042619 0.15063900000000002 -0.36078558229320223
1427388042690 0.15106775 -0.363285357559256
1427388042762 0.1497815 -0.35577187695213386
1427388042836 0.1497815 -0.35577187695213386
1427388042908 0.14849525000000002 -0.348216208038504
1427388042982 0.154069 -0.3150005028205402
1427388043059 0.15449775 -0.31241435928084993
1427388043132 0.15492650000000002 -0.3098238880950913
1427388043204 0.15921400000000002 -0.2836865858368092
1427388043278 0.15921400000000002 -0.2836865858368092
1427388043349 0.1607575 -0.29314401182653294
1427388043421 0.16461625000000002 -0.31655010181439863
1427388043496 0.16504500000000003 -0.3191292720156153
1427388043568 0.1617865 -0.29941921120386317
1427388043642 0.16221525000000003 -0.3020267500389924
1427388043712 0.16221525000000003 -0.3020267500389924
1427388043811 0.15929975000000002 -0.2842133859045392
1427388043886 0.16092900000000002 -0.2941915452064132
1427388043958 0.16092900000000002 -0.2941915452064132
1427388044030 0.16504500000000003 -0.3191292720156153
1427388044107 0.16221525000000003 -0.3020267500389924
1427388044175 0.16221525000000003 -0.3020267500389924
1427388044248 0.16221525000000003 -0.3020267500389924
1427388044337 0.16092900000000004 -0.3098238880950913
1427388044392 0.16135775000000002 -0.3072291132452563
1427388044464 0.16092900000000004 -0.3098238880950913
1427388044536 0.16521650000000004 -0.2836865858368092
1427388044608 0.16521650000000004 -0.2836865858368092
1427388044679 0.16393025 -0.2915714694312078
1427388044754 0.16393025 -0.2915714694312078
1427388044826 0.16221525000000003 -0.3020267500389924
1427388044898 0.16050025 -0.31241435928084993
1427388044976 0.16050025 -0.31241435928084993
1427388045046 0.15878525000000004 -0.32273273241740974
1427388045128 0.15964275 -0.3175822950437787
1427388045199 0.16718875 -0.3622860155151922
1427388045271 0.1659025 -0.3547668810203869
1427388045344 0.16633125 -0.357277964134988
1427388045415 0.1648735 -0.3487212216608886
1427388045488 0.168475 -0.369762536660252
1427388045560 0.16890375000000002 -0.3722451592397181
1427388045634 0.16718875 -0.3622860155151922
1427388045705 0.16761750000000003 -0.3647829476363432
1427388045779 0.16633125 -0.357277964134988
1427388045850 0.16633125 -0.357277964134988
1427388045949 0.165045 -0.3497306925928793
1427388046026 0.16890375000000002 -0.3722451592397181
1427388046097 0.16933250000000002 -0.37472297815163963
1427388046171 0.16787475000000002 -0.36627882675893864
1427388046246 0.18159475000000003 -0.2842133859045392
1427388046336 0.18202350000000003 -0.2815777690437914
1427388046410 0.18245225000000004 -0.27893812733364687
1427388046483 0.18245225000000004 -0.27893812733364687
1427388046557 0.18116600000000002 -0.2868449505819443
1427388046626 0.18502475000000002 -0.2630173246469365
1427388046697 0.18502475000000002 -0.2630173246469365
1427388046769 0.18330975000000002 -0.273646880239787
1427388046841 0.18330975000000002 -0.273646880239787
1427388046913 0.17816475 -0.30515021104205037
1427388046985 0.18202350000000003 -0.2815777690437914
1427388047057 0.18288100000000004 -0.2762944884159452
1427388047129 0.18673975 -0.25232657622402543
1427388047201 0.18673975 -0.25232657622402543
1427388047274 0.18673975 -0.25232657622402543
1427388047345 0.18502475000000002 -0.2630173246469365
1427388047417 0.18502475000000002 -0.2630173246469365
1427388047489 0.18502475000000002 -0.2630173246469365
1427388047563 0.19248500000000002 -0.308786493241386
1427388047635 0.19102725 -0.29994105615239
1427388047707 0.19119875000000003 -0.30098424068107993
1427388047779 0.19016975000000003 -0.2947150628049222
1427388047851 0.18802600000000003 -0.2815777690437915
1427388047923 0.18862625 -0.2852664995578445
1427388047995 0.18691125000000003 -0.2747063980197608
1427388048067 0.19119875000000003 -0.30098424068107993
1427388048154 0.19119875000000003 -0.30098424068107993
1427388048226 0.18905500000000003 -0.3139665662440771
1427388048299 0.19462875000000002 -0.2799944652374443
1427388048387 0.19291375 -0.2905222820646249
1427388048460 0.19445725000000003 -0.2999410561523901
1427388048532 0.19462875000000002 -0.30098424068107993
1427388048604 0.19359975000000001 -0.2947150628049222
1427388048676 0.19720125 -0.3165501018143987
1427388048748 0.19205624999999998 -0.2852664995578445
1427388048819 0.19034125000000002 -0.2747063980197608
1427388048892 0.195915 -0.308786493241386
1427388048966 0.19462875000000002 -0.30098424068107993
1427388049039 0.19462875000000002 -0.30098424068107993
1427388049109 0.1933425 -0.293144011826533
1427388049181 0.1916275 -0.28263250030762255
1427388049253 0.19763000000000003 -0.31912927201561536
1427388049324 0.19068425 -0.2768235346389527
1427388049420 0.1950575 -0.30358924461405373
1427388049492 0.19805875 -0.28526649955784433
1427388049567 0.1984875 -0.2826325003076223
1427388049639 0.19677250000000002 -0.2931440118265328
1427388049713 0.19720125 -0.2905222820646247
1427388049810 0.195915 -0.2983750169525186
1427388049882 0.195915 -0.2983750169525186
1427388050024 0.1942 -0.28789643577748786
1427388050096 0.19677250000000002 -0.27205642183166223
1427388050168 0.19677250000000002 -0.27205642183166223
1427388050240 0.19677250000000002 -0.27205642183166223
1427388050312 0.19505750000000002 -0.2826325003076223
1427388050388 0.19548625000000003 -0.2799944652374443
1427388050466 0.195915 -0.2773524218660652
1427388050552 0.1942 -0.28789643577748786
1427388050624 0.1942 -0.28789643577748786
1427388050696 0.19805875 -0.26408306513537266
1427388050768 0.19805875 -0.26408306513537266
1427388050840 0.19462875000000002 -0.28526649955784444
1427388050915 0.19677250000000002 -0.27205642183166223
1427388050985 0.19720125000000002 -0.26940252174104207
1427388051057 0.195915 -0.2773524218660652
1427388051128 0.20148875000000002 -0.2426541800327869
1427388051201 0.1942 -0.28789643577748786
1427388051327 0.19497175 -0.2926199964622189
1427388051409 0.19342825000000002 -0.2831596238984442
1427388051481 0.18571075000000004 -0.23509895469444964
1427388051553 0.19763000000000003 -0.30878649324138596
1427388051625 0.19642950000000003 -0.30150557985710646
1427388051697 0.20217475000000001 -0.33604067727046605
1427388051770 0.20063125 -0.3268403602440715
1427388051843 0.19342825000000002 -0.2831596238984442
1427388051914 0.18622525 -0.23834031066009276
1427388051988 0.18879775000000004 -0.22208369233379927
1427388052060 0.18965525000000005 -0.21663773811534726
1427388052132 0.18922650000000002 -0.21936236830591538
1427388052204 0.19351400000000002 -0.1919730719108121
1427388052290 0.19351400000000002 -0.1919730719108121
1427388052412 0.19222775000000003 -0.20022247875368843
1427388052484 0.19222775000000003 -0.20022247875368843
1427388052556 0.19077000000000005 -0.20953847513040078
1427388052628 0.19351400000000002 -0.1919730719108121
1427388052703 0.18922650000000002 -0.21936236830591538
1427388052775 0.19351400000000002 -0.1919730719108121
1427388052847 0.21117850000000005 -0.30254775102591347
1427388052921 0.20397550000000003 -0.2582139465455858
1427388052991 0.20243200000000003 -0.24857071316225884
1427388053063 0.19428575000000003 -0.19692596450252503
1427388053135 0.20663375000000003 -0.27470639801976077
1427388053211 0.19943075000000002 -0.22968552064014117
1427388053283 0.19780150000000002 -0.2193623683059153
1427388053354 0.20963500000000002 -0.29314401182653294
1427388053428 0.20243200000000003 -0.24857071316225884
1427388053501 0.19480025000000004 -0.20022247875368843
1427388053576 0.17962250000000002 -0.1014076222108878
1427388053648 0.1617865 0.017148318896368735
1427388053773 0.20371825000000005 -0.25661009664793355
1427388053906 0.19480025000000004 -0.20022247875368843
1427388053979 0.18931225000000002 -0.23509895469444964
1427388054052 0.19188475000000005 -0.21881770566090344
1427388054125 0.19351400000000002 -0.2084443569309975
1427388054196 0.19351400000000002 -0.2084443569309975
1427388054268 0.19222775000000003 -0.21663773811534745
1427388054343 0.19051275000000004 -0.2275162853101939
1427388054431 0.19720125000000005 -0.1848020828653159
1427388054504 0.19522900000000004 -0.19747568677075228
1427388054576 0.19231350000000003 -0.2160924183686111
1427388054647 0.19351400000000002 -0.2084443569309975
1427388054720 0.19299950000000002 -0.20515897156029192
1427388054792 0.1981445 -0.23780043712610036
1427388054865 0.17061875000000004 -0.05881375929981652
1427388054936 0.16941825000000005 -0.05083450009403804
1427388055008 0.17362000000000002 -0.07872694765619304
1427388055083 0.17567800000000003 -0.09234659413958124
1427388055155 0.17696425000000005 -0.10084178164025526
1427388055227 0.18125175000000002 -0.1290471807381447
1427388055300 0.1799655 -0.12060515270144469
1427388055385 0.17482050000000002 -0.08667562413768655
1427388055461 0.17353425 -0.09517986992005138
1427388055546 0.16633125000000004 -0.14251556653611375
1427388055619 0.16744600000000004 -0.14978958145040863
1427388055707 0.16624550000000005 -0.14195538745132402
1427388055779 0.17644975000000002 -0.07474880473133362
1427388055852 0.16924675000000003 -0.12229497995882553
1427388055925 0.17516350000000003 -0.08327033394703985
1427388056009 0.17516350000000003 -0.08327033394703985
1427388056080 0.17765025 -0.09970990644636159
1427388056153 0.17636400000000002 -0.09121286480889199
1427388056235 0.17636400000000002 -0.09121286480889199
1427388056312 0.15758475 -0.21336386634426602
1427388056398 0.1768785 -0.08781027711269057
1427388056470 0.17945100000000003 -0.10480128515987683
1427388056561 0.17987975 -0.10762749135086239
1427388056635 0.17987975 -0.10762749135086239
1427388056708 0.1628155 -0.21827291104358032
1427388056785 0.1628155 -0.21827291104358032
1427388056856 0.16152925 -0.2264308486567648
1427388056928 0.16753175000000003 -0.18811420551923072
1427388057005 0.16753175000000003 -0.18811420551923072
1427388057077 0.16753175000000003 -0.18811420551923072
1427388057150 0.16753175000000003 -0.18811420551923072
1427388057222 0.16753175000000003 -0.18811420551923072
1427388057298 0.16753175000000003 -0.18811420551923072
1427388057369 0.15003875000000003 -0.07361175142695708
1427388057442 0.144465 -0.036570354987691185
1427388057518 0.144465 -0.036570354987691185
1427388057605 0.1436075 -0.030860199676460642
1427388057677 0.1436075 -0.030860199676460642
1427388057750 0.1436075 -0.030860199676460642
1427388057822 0.1436075 -0.030860199676460642
1427388057894 0.1436075 -0.030860199676460642
1427388057966 0.1436075 -0.030860199676460642
1427388058040 0.1436075 -0.030860199676460642
1427388058133 0.1436075 -0.030860199676460642
1427388058206 0.1436075 -0.030860199676460642
1427388058278 0.1436075 -0.030860199676460642
1427388058351 0.1436075 -0.030860199676460642
1427388058423 0.1436075 -0.030860199676460642
1427388058496 0.1436075 -0.030860199676460642
1427388058567 0.1436075 -0.030860199676460642
1427388145940 0.18382425000000002 -0.022291307064878564
1427388146064 0.18382425000000002 -0.022291307064878564
1427388146136 0.18982675000000002 -0.062231207279703625
1427388146208 0.18982675000000002 -0.062231207279703625
1427388146282 0.19008400000000003 -0.06393939062915478
1427388146353 0.19008400000000003 -0.06393939062915478
1427388146437 0.19582925 -0.10197339762903636
1427388146510 0.19582925 -0.10197339762903636
1427388146586 0.19582925 -0.10197339762903636
1427388146655 0.19582925 -0.10197339762903636
1427388146728 0.19582925 -0.10197339762903636
1427388146803 0.19582925 -0.10197339762903636
1427388146875 0.19582925 -0.10197339762903636
1427388146946 0.19582925 -0.10197339762903636
1427388147019 0.19582925 -0.10197339762903636
1427388147094 0.19582925 -0.10197339762903636
1427388147164 0.19582925 -0.10197339762903636
1427388147235 0.19582925 -0.10197339762903636
1427388147320 0.19582925 -0.10197339762903636
1427388147392 0.19582925 -0.10197339762903636
1427388147466 0.19582925 -0.10197339762903636
1427388147538 0.19582925 -0.10197339762903636
1427388147610 0.18339550000000002 -0.01943421960068828
1427388147682 0.18896925000000003 -0.05653469137625843
1427388147755 0.19111300000000003 -0.07076829009706931
1427388147826 0.192828 -0.0821348029994214
1427388147898 0.192828 -0.0821348029994214
1427388147972 0.192828 -0.0821348029994214
1427388148044 0.19239925000000002 -0.07929505296208314
1427388148126 0.19239925000000002 -0.07929505296208314
1427388148201 0.18811175000000002 -0.05083450009403804
1427388148271 0.18811175000000002 -0.05083450009403804
1427388148344 0.188369 -0.05254492157123163
1427388148415 0.19411425 -0.0906459117731543
1427388148487 0.19411425 -0.0906459117731543
1427388148559 0.19411425 -0.0906459117731543
1427388148633 0.19411425 -0.0906459117731543
1427388148705 0.19411425 -0.0906459117731543
1427388148789 0.19411425 -0.0906459117731543
1427388148863 0.19411425 -0.0906459117731543
1427388148935 0.19411425 -0.0906459117731543
1427388149008 0.11865425000000002 0.3909549573457435
1427388149079 0.12585725000000003 0.34922604989738326
1427388149158 0.12457100000000004 0.35677612283349475
1427388149228 0.12602875000000002 0.348216208038504
1427388149302 0.18982675000000002 -0.062231207279703625
1427388149383 0.19565775000000002 -0.10084178164025526
1427388149455 0.19582925 -0.10197339762903636
1427388149528 0.19582925 -0.10197339762903636
1427388149601 0.19582925 -0.10197339762903636
1427388149674 0.19582925 -0.10197339762903636
1427388149748 0.19154175 -0.07361175142695718
1427388149824 0.19154175 -0.07361175142695718
1427388149899 0.19154175 -0.07361175142695718
1427388149990 0.19154175 -0.07361175142695718
1427388150061 0.19154175 -0.07361175142695718
1427388150151 0.19325675 -0.08497322597413504
1427388150223 0.19111300000000003 -0.07076829009706931
1427388150294 0.19111300000000003 -0.07076829009706931
1427388150366 0.19351400000000002 -0.08667562413768665
1427388150443 0.19351400000000002 -0.08667562413768665
1427388150515 0.19308525000000004 -0.08383801890017459
1427388150586 0.19111300000000003 -0.07076829009706931
1427388150659 0.19111300000000003 -0.07076829009706931
1427388150732 0.19111300000000003 -0.07076829009706931
1427388150804 0.19111300000000003 -0.07076829009706931
1427388150881 0.19111300000000003 -0.07076829009706931
1427388150953 0.19111300000000003 -0.07076829009706931
1427388151053 0.19111300000000003 -0.07076829009706931
1427388151125 0.19111300000000003 -0.07076829009706931
1427388151197 0.19325675 -0.08497322597413504
1427388151282 0.192828 -0.0821348029994214
1427388151354 0.192828 -0.0821348029994214
1427388151426 0.192828 -0.0821348029994214
1427388151498 0.192828 -0.0821348029994214
1427388151571 0.192828 -0.0821348029994214
1427388151660 0.192828 -0.0821348029994214
1427388151734 0.192828 -0.0821348029994214
1427388151807 0.192828 -0.0821348029994214
1427388151879 0.192828 -0.0821348029994214
1427388151977 0.192828 -0.0821348029994214
1427388152048 0.19325675 -0.08497322597413504
1427388152125 0.19325675 -0.08497322597413504
1427388152203 0.19325675 -0.08497322597413504
1427388152274 0.19325675 -0.08497322597413504
1427388152350 0.19325675 -0.08497322597413504
1427388152422 0.19325675 -0.08497322597413504
1427388152490 0.19325675 -0.08497322597413504
1427388152626 0.19325675 -0.08497322597413504
1427388152697 0.19325675 -0.08497322597413504
1427388152771 0.19325675 -0.08497322597413504
1427388152845 0.19325675 -0.08497322597413504
1427388152934 0.19325675 -0.08497322597413504
1427388153006 0.19325675 -0.08497322597413504
1427388153078 0.19325675 -0.08497322597413504
1427388153167 0.19325675 -0.08497322597413504
1427388153241 0.19325675 -0.08497322597413504
1427388153314 0.19325675 -0.08497322597413504
1427388153386 0.19325675 -0.08497322597413504
1427388153458 0.19325675 -0.08497322597413504
1427388153530 0.19325675 -0.08497322597413504
1427388153602 0.19325675 -0.08497322597413504
1427388153674 0.19325675 -0.08497322597413504
1427388153746 0.19325675 -0.08497322597413504
1427388153818 0.19325675 -0.08497322597413504
1427388153889 0.19325675 -0.08497322597413504
1427388154016 0.19325675 -0.08497322597413504
1427388154092 0.19325675 -0.08497322597413504
1427388154164 0.19325675 -0.08497322597413504
1427388154236 0.19325675 -0.08497322597413504
1427388154308 0.19325675 -0.08497322597413504
1427388154380 0.19308525000000004 -0.08383801890017459
1427388154452 0.19308525000000004 -0.08383801890017459
1427388154534 0.19351400000000002 -0.08667562413768665
1427388154607 0.19351400000000002 -0.08667562413768665
1427388154692 0.19351400000000002 -0.08667562413768665
1427388154764 0.196944 -0.1093223898745121
1427388154836 0.196944 -0.1093223898745121
1427388154907 0.196944 -0.1093223898745121
1427388155001 0.19540050000000003 -0.09914387252612729
1427388155074 0.19540050000000003 -0.09914387252612729
1427388155146 0.19540050000000003 -0.09914387252612729
1427388155233 0.19540050000000003 -0.09914387252612729
1427388155306 0.19540050000000003 -0.09914387252612729
1427388155377 0.19540050000000003 -0.09914387252612729
1427388155455 0.19540050000000003 -0.09914387252612729
1427388155527 0.19582925 -0.10197339762903636
1427388155610 0.19582925 -0.10197339762903636
1427388155683 0.19582925 -0.10197339762903636
1427388155756 0.19582925 -0.10197339762903636
1427388155827 0.19582925 -0.10197339762903636
1427388155899 0.19582925 -0.10197339762903636
1427388155971 0.19582925 -0.10197339762903636
1427388156060 0.19582925 -0.10197339762903636
1427388156131 0.19582925 -0.10197339762903636
1