1427386431087 0.17001850000000002 0.020577095278413424
1427386494355 0.19505750000000002 0.03885377010283816
1427386494431 0.18785450000000004 0.08667562413768655
1427386494502 0.18785450000000004 0.08667562413768655
1427386494574 0.19377125 0.04741277384281383
1427386494668 0.19377125 0.04741277384281383
1427386494741 0.19377125 0.04741277384281383
1427386494817 0.18785450000000004 0.08667562413768655
1427386494900 0.18785450000000004 0.08667562413768655
1427386494973 0.18785450000000004 0.08667562413768655
1427386495044 0.18785450000000004 0.08667562413768655
1427386495130 0.19548625000000003 0.03599944065913314
1427386495202 0.19548625000000003 0.03599944065913314
1427386495342 0.19505750000000002 0.03885377010283816
1427386495414 0.197973 0.01943421960068828
1427386495485 0.1981445 0.018291293145748927
1427386495567 0.20731975000000002 -0.04284875705926496
1427386495632 0.20774850000000003 -0.04570148895456721
1427386495726 0.20774850000000003 -0.04570148895456721
1427386495812 0.20774850000000003 -0.04570148895456721
1427386495888 0.20560475000000003 -0.03143131195696723
1427386495958 0.20946350000000002 -0.057104514405538605
1427386496036 0.20946350000000002 -0.057104514405538605
1427386496106 0.20903475000000002 -0.05425503537610732
1427386496210 0.20903475000000002 -0.05425503537610732
1427386496283 0.21074975 -0.06564720041509545
1427386496355 0.21074975 -0.06564720041509545
1427386496446 0.21074975 -0.06564720041509545
1427386496518 0.21074975 -0.06564720041509545
1427386496591 0.21074975 -0.06564720041509545
1427386496665 0.21074975 -0.06564720041509545
1427386496757 0.20183175000000003 -0.006288250448492914
1427386496830 0.20629075000000002 -0.03599944065913305
1427386496920 0.20629075000000002 -0.03599944065913305
1427386497016 0.20629075000000002 -0.03599944065913305
1427386497089 0.20629075000000002 -0.03599944065913305
1427386497163 0.20629075000000002 -0.03599944065913305
1427386497276 0.20817725000000004 -0.048553476683079404
1427386497354 0.20817725000000004 -0.048553476683079404
1427386497451 0.20817725000000004 -0.048553476683079404
1427386497523 0.20817725000000004 -0.048553476683079404
1427386497595 0.20800575000000004 -0.04741277384281383
1427386497668 0.20800575000000004 -0.04741277384281383
1427386497740 0.20629075000000002 -0.03599944065913305
1427386497811 0.20629075000000002 -0.03599944065913305
1427386497882 0.20629075000000002 -0.03599944065913305
1427386497955 0.20646225 -0.037141245466900064
1427386498027 0.20646225 -0.037141245466900064
1427386498104 0.20646225 -0.037141245466900064
1427386498178 0.20603350000000004 -0.03428655828481774
1427386498270 0.20603350000000004 -0.03428655828481774
1427386498345 0.20603350000000004 -0.03428655828481774
1427386498433 0.20003100000000001 0.005716604393802823
1427386498506 0.20003100000000001 0.005716604393802823
1427386498578 0.1942 0.044560482913209715
1427386498673 0.19454300000000002 0.04227812544083596
1427386498746 0.19428575000000003 0.04398993616488402
1427386498818 0.20174600000000004 -0.005716604393802916
1427386498891 0.20174600000000004 -0.005716604393802916
1427386498964 0.20200325000000002 -0.007431529855035786
1427386499036 0.20714825000000003 -0.04170746627141935
1427386499120 0.20714825000000003 -0.04170746627141935
1427386499211 0.203461 -0.017148318896368548
1427386499309 0.20500450000000003 -0.027433116094094823
1427386499380 0.20474725000000002 -0.02571932752618824
1427386499451 0.20474725000000002 -0.02571932752618824
1427386499523 0.20474725000000002 -0.02571932752618824
1427386499595 0.20431850000000001 -0.022862682375154247
1427386499670 0.20431850000000001 -0.022862682375154247
1427386499743 0.20431850000000001 -0.022862682375154247
1427386499829 0.20431850000000001 -0.022862682375154247
1427386499908 0.20431850000000001 -0.022862682375154247
1427386499979 0.20431850000000001 -0.022862682375154247
1427386500053 0.20431850000000001 -0.022862682375154247
1427386500200 0.20431850000000001 -0.022862682375154247
1427386500274 0.20431850000000001 -0.022862682375154247
1427386500414 0.20431850000000001 -0.022862682375154247
1427386500487 0.20431850000000001 -0.022862682375154247
1427386500560 0.20431850000000001 -0.022862682375154247
1427386500631 0.20431850000000001 -0.022862682375154247
1427386500704 0.20431850000000001 -0.022862682375154247
1427386500776 0.20431850000000001 -0.022862682375154247
1427386500848 0.20431850000000001 -0.022862682375154247
1427386500921 0.20431850000000001 -0.022862682375154247
1427386500993 0.20431850000000001 -0.022862682375154247
1427386501130 0.20431850000000001 -0.022862682375154247
1427386501203 0.20431850000000001 -0.022862682375154247
1427386501276 0.20431850000000001 -0.022862682375154247
1427386501348 0.20431850000000001 -0.022862682375154247
1427386501455 0.20431850000000001 -0.022862682375154247
1427386501530 0.20431850000000001 -0.022862682375154247
1427386501601 0.20603350000000004 -0.03428655828481774
1427386501676 0.20586200000000002 -0.03314452425377536
1427386501753 0.20586200000000002 -0.03314452425377536
1427386501835 0.20586200000000002 -0.03314452425377536
1427386501907 0.20586200000000002 -0.03314452425377536
1427386501979 0.20586200000000002 -0.03314452425377536
1427386502055 0.20586200000000002 -0.03314452425377536
1427386502125 0.20586200000000002 -0.03314452425377536
1427386502208 0.20586200000000002 -0.03314452425377536
1427386502282 0.20586200000000002 -0.03314452425377536
1427386502353 0.20586200000000002 -0.03314452425377536
1427386502431 0.20603350000000004 -0.03428655828481774
1427386502511 0.20431850000000001 -0.022862682375154247
1427386502606 0.20431850000000001 -0.022862682375154247
1427386502679 0.20431850000000001 -0.022862682375154247
1427386502752 0.20303225000000003 -0.01429069375331914
1427386502824 0.20303225000000003 -0.01429069375331914
1427386502899 0.20303225000000003 -0.01429069375331914
1427386502968 0.20303225000000003 -0.01429069375331914
1427386503040 0.203461 -0.017148318896368548
1427386503112 0.203461 -0.017148318896368548
1427386503185 0.20303225000000003 -0.01429069375331914
1427386503279 0.20303225000000003 -0.01429069375331914
1427386503353 0.20303225000000003 -0.01429069375331914
1427386503425 0.20303225000000003 -0.01429069375331914
1427386503496 0.20303225000000003 -0.01429069375331914
1427386503571 0.20303225000000003 -0.01429069375331914
1427386503642 0.20303225000000003 -0.01429069375331914
1427386503715 0.20303225000000003 -0.01429069375331914
1427386503789 0.20303225000000003 -0.01429069375331914
1427386503881 0.20303225000000003 -0.01429069375331914
1427386503954 0.20303225000000003 -0.01429069375331914
1427386504050 0.203461 -0.017148318896368548
1427386504139 0.203461 -0.017148318896368548
1427386504231 0.203461 -0.017148318896368548
1427386504314 0.203461 -0.017148318896368548
1427386504375 0.203461 -0.017148318896368548
1427386504462 0.20731975000000002 -0.04284875705926496
1427386504534 0.20714825000000003 -0.04170746627141935
1427386504626 0.20714825000000003 -0.04170746627141935
1427386504755 0.20371825000000002 -0.018862762533965
1427386504827 0.20371825000000002 -0.018862762533965
1427386504933 0.20414700000000002 -0.021719917196947255
1427386505005 0.20603350000000004 -0.03428655828481774
1427386505077 0.20603350000000004 -0.03428655828481774
1427386505159 0.20603350000000004 -0.03428655828481774
1427386505252 0.20603350000000004 -0.03428655828481774
1427386505329 0.20603350000000004 -0.03428655828481774
1427386505416 0.20603350000000004 -0.03428655828481774
1427386505491 0.20603350000000004 -0.03428655828481774
1427386505569 0.20603350000000004 -0.03428655828481774
1427386505643 0.20603350000000004 -0.03428655828481774
1427386505714 0.20603350000000004 -0.03428655828481774
1427386505786 0.20603350000000004 -0.03428655828481774
1427386505864 0.20603350000000004 -0.03428655828481774
1427386505935 0.20603350000000004 -0.03428655828481774
1427386506010 0.20603350000000004 -0.03428655828481774
1427386506084 0.20603350000000004 -0.03428655828481774
1427386506164 0.20474725000000002 -0.02571932752618824
1427386506236 0.20474725000000002 -0.02571932752618824
1427386506308 0.20517600000000003 -0.028575552886375307
1427386506381 0.20517600000000003 -0.028575552886375307
1427386506454 0.20903475000000002 -0.05425503537610732
1427386506525 0.20886325000000003 -0.053114994181939414
1427386506598 0.20886325000000003 -0.053114994181939414
1427386506670 0.20886325000000003 -0.053114994181939414
1427386506742 0.20886325000000003 -0.053114994181939414
1427386506815 0.20543325 -0.030289067257557374
1427386506886 0.20731975000000002 -0.04284875705926496
1427386506964 0.20731975000000002 -0.04284875705926496
1427386507056 0.20714825000000003 -0.04170746627141935
1427386507133 0.19025550000000002 -0.15314148761976884
1427386507232 0.18725425 -0.1335421216436781
1427386507305 0.19085575000000002 -0.15704766088822694
1427386507378 0.19085575000000002 -0.15704766088822694
1427386507448 0.18914075000000002 -0.14587473870191456
1427386507520 0.18914075000000002 -0.14587473870191456
1427386507613 0.18914075000000002 -0.14587473870191456
1427386507685 0.1895695 -0.14867152154880825
1427386507758 0.1895695 -0.14867152154880825
1427386507833 0.1895695 -0.14867152154880825
1427386507901 0.1936855 -0.1753956523694794
1427386507973 0.1936855 -0.1753956523694794
1427386508052 0.1936855 -0.1753956523694794
1427386508124 0.1936855 -0.1753956523694794
1427386508195 0.192142 -0.16540163971676636
1427386508288 0.20689100000000002 -0.06849269320765289
1427386508362 0.20731975000000002 -0.06564720041509545
1427386508449 0.20371825000000005 -0.04170746627141935
1427386508521 0.20414700000000002 -0.04456048291320953
1427386508593 0.20603350000000004 -0.057104514405538695
1427386508665 0.20603350000000004 -0.057104514405538695
1427386508738 0.20603350000000004 -0.057104514405538695
1427386508824 0.20603350000000004 -0.057104514405538695
1427386508901 0.20131725000000003 -0.0883775187892104
1427386508975 0.20157450000000005 -0.09007890029759565
1427386509144 0.20003100000000001 -0.07986310698111428
1427386509221 0.20431850000000001 -0.10819252698789446
1427386509327 0.20560475 -0.09970990644636159
1427386509464 0.20543325 -0.09857777485945955
1427386509546 0.20200325000000002 -0.07588566442397929
1427386509649 0.20388975 -0.0883775187892104
1427386509722 0.20431850000000001 -0.09121286480889199
1427386509797 0.20431850000000001 -0.09121286480889199
1427386509869 0.20431850000000001 -0.09121286480889199
1427386509941 0.20431850000000001 -0.09121286480889199
1427386510013 0.20260350000000002 -0.07986310698111437
1427386510085 0.20303225000000003 -0.08270259519398927
1427386510157 0.20303225000000003 -0.08270259519398927
1427386510248 0.18828325000000004 -0.1792727852164426
1427386510351 0.19239925000000002 -0.2057068498336635
1427386510436 0.19239925000000002 -0.2057068498336635
1427386510525 0.19257075 -0.20680223038212203
1427386510622 0.199345 -0.16317613980839807
1427386510695 0.20106000000000002 -0.15202456708329923
1427386510770 0.19814450000000003 -0.17095811668441405
1427386510845 0.19771575000000002 -0.17373238460615967
1427386510915 0.20731975000000002 -0.11101665802237108
1427386510990 0.20903475000000002 -0.09970990644636159
1427386511063 0.203461 -0.1363487172099849
1427386511141 0.20903475000000002 -0.09970990644636159
1427386511213 0.20903475000000002 -0.09970990644636159
1427386511291 0.20903475000000002 -0.09970990644636159
1427386511478 0.20886325 -0.09857777485945955
1427386511578 0.20903475000000002 -0.09970990644636159
1427386511666 0.19977375000000003 -0.16039197220713547
1427386511753 0.19805875 -0.1492305984856353
1427386511825 0.1984875 -0.15202456708329923
1427386511899 0.1984875 -0.15202456708329923
1427386511994 0.19891625000000002 -0.15481614579087527
1427386512067 0.20260350000000002 -0.1787192397428387
1427386512142 0.20106000000000002 -0.1687367852310812
1427386512214 0.20106000000000002 -0.1687367852310812
1427386512307 0.20474725000000002 -0.14475537919117573
1427386512380 0.21032100000000004 -0.10819252698789456
1427386512451 0.21032100000000004 -0.10819252698789456
1427386512547 0.20903475000000002 -0.09970990644636159
1427386512621 0.20903475000000002 -0.09970990644636159
1427386512692 0.20946350000000002 -0.1025391075438042
1427386512784 0.20972075 -0.10423584076259974
1427386512855 0.20843450000000002 -0.09574634266233789
1427386512929 0.20817725000000004 -0.09404674095961653
1427386513017 0.20260350000000002 -0.13073340807289374
1427386513089 0.20260350000000002 -0.13073340807289374
1427386513181 0.20286075000000003 -0.13241888803016255
1427386513281 0.20517600000000003 -0.14755308706288459
1427386513352 0.20517600000000003 -0.14755308706288459
1427386513450 0.20603350000000004 -0.14195538745132402
1427386513527 0.20603350000000004 -0.14195538745132402
1427386513600 0.20646225 -0.13915315300231684
1427386513676 0.20646225 -0.13915315300231684
1427386513744 0.20603350000000004 -0.14195538745132402
1427386513816 0.20603350000000004 -0.14195538745132402
1427386513910 0.20543325 -0.13803164052322212
1427386514013 0.20774850000000006 -0.15314148761976884
1427386514086 0.20774850000000006 -0.15314148761976884
1427386514158 0.20646225000000004 -0.14475537919117573
1427386514230 0.20946350000000002 -0.16428909503747952
1427386514320 0.21417975000000003 -0.1335421216436781
1427386514421 0.21246475000000004 -0.12229497995882553
1427386514493 0.21375100000000002 -0.13073340807289374
1427386514569 0.21375100000000002 -0.13073340807289374
1427386514640 0.21014950000000002 -0.10706238671538043
1427386514738 0.21417975000000003 -0.1335421216436781
1427386514822 0.21246475000000004 -0.14475537919117581
1427386514895 0.20689100000000005 -0.18093275421835894
1427386514967 0.20689100000000005 -0.18093275421835894
1427386515039 0.208606 -0.1698476625163412
1427386515110 0.21246475000000004 -0.14475537919117581
1427386515202 0.20946350000000002 -0.12510979497608288
1427386515279 0.20946350000000002 -0.12510979497608288
1427386515359 0.21357950000000003 -0.1520245670832993
1427386515454 0.21014950000000002 -0.12960933899723043
1427386515526 0.212036 -0.1419553874513241
1427386515600 0.21246475000000004 -0.14475537919117581
1427386515671 0.21246475000000004 -0.14475537919117581
1427386515744 0.21074975 -0.13354212164367818
1427386515816 0.2111785 -0.1363487172099849
1427386515894 0.2111785 -0.1363487172099849
1427386515967 0.20972075 -0.12679773076685352
1427386516038 0.2152945 -0.16317613980839807
1427386516110 0.21375100000000002 -0.15314148761976884
1427386516182 0.21375100000000002 -0.15314148761976884
1427386516279 0.21203600000000003 -0.16428909503747943
1427386516350 0.21375100000000002 -0.15314148761976884
1427386516423 0.21375100000000002 -0.15314148761976884
1427386516498 0.21203600000000003 -0.16428909503747943
1427386516590 0.20929200000000003 -0.14643428060385005
1427386516667 0.20946350000000002 -0.14755308706288442
1427386516741 0.20800575000000004 -0.13803164052322212
1427386516814 0.21357950000000003 -0.17428691556250636
1427386516892 0.21203600000000003 -0.16428909503747943
1427386516983 0.21246475000000004 -0.16706968143201315
1427386517056 0.21100700000000003 -0.1576052942208228
1427386517128 0.21143575000000003 -0.16039197220713536
1427386517222 0.21143575000000003 -0.16039197220713536
1427386517294 0.21143575000000003 -0.16039197220713536
1427386517367 0.20972075 -0.17151318431946816
1427386517461 0.20646225 -0.1503484701175858
1427386517534 0.21203600000000003 -0.18645866157175459
1427386517605 0.21032100000000004 -0.1753956523694794
1427386517677 0.21074975 -0.17816558354227502
1427386517765 0.21117850000000002 -0.18093275421835883
1427386517838 0.20929200000000003 -0.16873678523108113
1427386517910 0.20929200000000003 -0.16873678523108113
1427386517981 0.207577 -0.1576052942208229
1427386518053 0.20817725000000004 -0.1615059427229503
1427386518138 0.21160725000000002 -0.13915315300231684
1427386518210 0.21160725000000002 -0.13915315300231684
1427386518282 0.21160725000000002 -0.13915315300231684
1427386518356 0.20989225000000003 -0.15034847011758568
1427386518426 0.20989225000000003 -0.15034847011758568
1427386518499 0.20989225000000003 -0.15034847011758568
1427386518571 0.20989225000000003 -0.15034847011758568
1427386518643 0.20989225000000003 -0.15034847011758568
1427386518715 0.20989225000000003 -0.15034847011758568
1427386518801 0.21375100000000002 -0.1753956523694794
1427386518899 0.21417975000000003 -0.17816558354227494
1427386518971 0.20646225000000004 -0.12792261846386158
1427386519045 0.21246475000000004 -0.16706968143201315
1427386519117 0.20474725000000005 -0.11665954566045544
1427386519189 0.20474725000000005 -0.11665954566045544
1427386519260 0.19711550000000005 -0.06621638562916513
1427386519333 0.15792775000000003 0.19252386908249053
1427386519405 0.15484075000000003 0.2122715392023513
1427386519492 0.15312575 0.2013203410794254
1427386519565 0.15312575 0.2013203410794254
1427386519654 0.14489375000000004 0.25339835021297097
1427386519725 0.14317875000000002 0.2640830651353728
1427386519797 0.13649025000000004 0.30515021104205026
1427386519869 0.14189250000000003 0.27205642183166223
1427386519942 0.13477525 0.31551721012247186
1427386520015 0.13477525 0.31551721012247186
1427386520093 0.13477525 0.31551721012247186
1427386520160 0.13477525 0.31551721012247186
1427386520232 0.13477525 0.31551721012247186
1427386520304 0.13477525 0.31551721012247186
1427386520391 0.13477525 0.31551721012247186
1427386520462 0.13477525 0.31551721012247186
1427386520536 0.13477525 0.31551721012247186
1427386520607 0.13477525 0.31551721012247186
1427386520710 0.135204 0.3180981292693965
1427386520783 0.135204 0.3180981292693965
1427386520882 0.135204 0.3180981292693965
1427386520954 0.135204 0.3180981292693965
1427386521026 0.135204 0.3180981292693965
1427386521121 0.135204 0.3180981292693965
1427386521194 0.135204 0.3180981292693965
1427386521288 0.13220275000000004 0.29994105615239
1427386521360 0.13348900000000002 0.30774841134674513
1427386521462 0.13348900000000002 0.30774841134674513
1427386521534 0.13348900000000002 0.30774841134674513
1427386521609 0.13348900000000002 0.30774841134674513
1427386521684 0.13348900000000002 0.30774841134674513
1427386521756 0.13348900000000002 0.30774841134674513
1427386521828 0.13348900000000002 0.30774841134674513
1427386521899 0.13348900000000002 0.30774841134674513
1427386521971 0.13348900000000002 0.30774841134674513
1427386522045 0.13348900000000002 0.30774841134674513
1427386522142 0.13348900000000002 0.30774841134674513
1427386522248 0.1309165 0.2920958155938542
1427386522320 0.13649025000000004 0.3258145192246321
1427386522391 0.13477525 0.31551721012247186
1427386522463 0.135204 0.3180981292693965
1427386522537 0.13589 0.322218481365878
1427386522611 0.13563275000000002 0.3206746691067401
1427386522681 0.13434650000000004 0.3129319349624131
1427386522759 0.13434650000000004 0.3129319349624131
1427386522831 0.1326315 0.3025477510259136
1427386522905 0.1326315 0.3025477510259136
1427386522977 0.13820525 0.33604067727046605
1427386523048 0.13649025000000004 0.3258145192246321
1427386523136 0.13649025000000004 0.3258145192246321
1427386523272 0.13649025000000004 0.3258145192246321
1427386523350 0.13649025000000004 0.3258145192246321
1427386523420 0.13649025000000004 0.3258145192246321
1427386523558 0.13546124999999998 0.31964458016696295
1427386523633 0.13546124999999998 0.31964458016696295
1427386523705 0.13563275000000002 0.3206746691067401
1427386523782 0.13563275000000002 0.3206746691067401
1427386523859 0.13348900000000002 0.30774841134674513
1427386523933 0.13348900000000002 0.30774841134674513
1427386524006 0.13434650000000004 0.3129319349624131
1427386524078 0.13820525 0.33604067727046605
1427386524166 0.13820525 0.33604067727046605
1427386524238 0.13820525 0.33604067727046605
1427386524328 0.13820525 0.33604067727046605
1427386524401 0.13820525 0.33604067727046605
1427386524471 0.13820525 0.33604067727046605
1427386524543 0.13820525 0.33604067727046605
1427386524632 0.13563275000000002 0.3206746691067401
1427386524705 0.13391775 0.3103423273972799
1427386524777 0.1326315 0.3025477510259136
1427386524852 0.129716 0.28474002388394826
1427386524924 0.140349 0.3487212216608886
1427386524996 0.140349 0.3487212216608886
1427386525074 0.1360615 0.32324680664962124
1427386525152 0.13443225000000003 0.3134493373467761
1427386525246 0.13443225000000003 0.3134493373467761
1427386525318 0.13443225000000003 0.3134493373467761
1427386525390 0.13443225000000003 0.3134493373467761
1427386525466 0.13443225000000003 0.3134493373467761
1427386525560 0.13443225000000003 0.3134493373467761
1427386525635 0.13443225000000003 0.3134493373467761
1427386525711 0.13443225000000003 0.3134493373467761
1427386525782 0.13443225000000003 0.3134493373467761
1427386525855 0.13443225000000003 0.3134493373467761
1427386525944 0.12800100000000003 0.27417671806383165
1427386526020 0.12842975 0.2768235346389526
1427386526093 0.129716 0.28474002388394826
1427386526164 0.13443225000000003 0.3134493373467761
1427386526236 0.140349 0.3487212216608886
1427386526310 0.13443225000000003 0.3134493373467761
1427386526380 0.13271725 0.30306858261754355
1427386526452 0.12474249999999998 0.2539340143493551
1427386526527 0.11753950000000002 0.20844435693099758
1427386526599 0.11625324999999997 0.20022247875368843
1427386526670 0.129716 0.28474002388394826
1427386526747 0.13563275000000002 0.3206746691067401
1427386526820 0.1264575 0.2646157052909289
1427386526912 0.1264575 0.2646157052909289
1427386526985 0.1264575 0.2646157052909289
1427386527057 0.1264575 0.2646157052909289
1427386527128 0.1264575 0.2646157052909289
1427386527203 0.1264575 0.2646157052909289
1427386527281 0.1264575 0.2646157052909289
1427386527349 0.1264575 0.2646157052909289
1427386527421 0.1264575 0.2646157052909289
1427386527514 0.1264575 0.2646157052909289
1427386527598 0.12688624999999998 0.2672765957648924
1427386527677 0.1264575 0.2646157052909289
1427386527867 0.1264575 0.2646157052909289
1427386527953 0.1264575 0.2646157052909289
1427386528025 0.1264575 0.2646157052909289
1427386528096 0.1264575 0.2646157052909289
1427386528168 0.1264575 0.2646157052909289
1427386528242 0.1264575 0.2646157052909289
1427386528314 0.1264575 0.2646157052909289
1427386528409 0.12225575 0.23834031066009276
1427386528482 0.13597575 0.3227327324174098
1427386528560 0.11453825000000001 0.18921732261807608
1427386615209 0.15458350000000004 -0.1776118169210567
1427386615282 0.14943850000000003 -0.14419556223857427
1427386615354 0.15329725000000005 -0.1692922766071618
1427386615438 0.15329725000000005 -0.1692922766071618
1427386615511 0.15372600000000003 -0.17206814523994293
1427386615582 0.15372600000000003 -0.17206814523994293
1427386615655 0.15243975000000004 -0.16373266858358962
1427386615729 0.15243975000000004 -0.16373266858358962
1427386615804 0.15801350000000003 -0.19967336390953944
1427386615900 0.15801350000000003 -0.19967336390953944
1427386615971 0.15801350000000003 -0.19967336390953944
1427386616094 0.15801350000000003 -0.19967336390953944
1427386616180 0.15072475000000002 -0.1525830753115878
1427386616264 0.15072475000000002 -0.1525830753115878
1427386616349 0.15072475000000002 -0.1525830753115878
1427386616421 0.15072475000000002 -0.1525830753115878
1427386616494 0.15072475000000002 -0.1525830753115878
1427386616591 0.15972850000000005 -0.2106320844185392
1427386616663 0.15972850000000005 -0.2106320844185392
1427386616758 0.16015725000000003 -0.2133638663442659
1427386616830 0.16015725000000003 -0.2133638663442659
1427386616905 0.16015725000000003 -0.2133638663442659
1427386616975 0.15972850000000005 -0.2106320844185392
1427386617048 0.15972850000000005 -0.2106320844185392
1427386617120 0.15972850000000005 -0.2106320844185392
1427386617193 0.15972850000000005 -0.2106320844185392
1427386617287 0.15972850000000005 -0.2106320844185392
1427386617359 0.15972850000000005 -0.2106320844185392
1427386617431 0.15972850000000005 -0.2106320844185392
1427386617521 0.15415475000000003 -0.17484133825329246
1427386617595 0.15929975000000002 -0.20789710769743494
1427386617666 0.15972850000000005 -0.2106320844185392
1427386617739 0.15972850000000005 -0.2106320844185392
1427386617826 0.15972850000000005 -0.2106320844185392
1427386617918 0.15972850000000005 -0.2106320844185392
1427386618022 0.15972850000000005 -0.2106320844185392
1427386618114 0.15929975000000002 -0.20789710769743494
1427386618206 0.15929975000000002 -0.20789710769743494
1427386618278 0.15929975000000002 -0.20789710769743494
1427386618350 0.15929975000000002 -0.20789710769743494
1427386618444 0.15972850000000005 -0.2106320844185392
1427386618516 0.15972850000000005 -0.2106320844185392
1427386618609 0.15972850000000005 -0.2106320844185392
1427386618683 0.15972850000000005 -0.2106320844185392
1427386618767 0.15972850000000005 -0.2106320844185392
1427386618841 0.15972850000000005 -0.2106320844185392
1427386618924 0.15972850000000005 -0.2106320844185392
1427386618997 0.15972850000000005 -0.2106320844185392
1427386619068 0.15929975000000002 -0.20789710769743494
1427386619140 0.15972850000000005 -0.2106320844185392
1427386619212 0.15972850000000005 -0.2106320844185392
1427386619286 0.15972850000000005 -0.2106320844185392
1427386619357 0.15586975000000003 -0.1859065832420093
1427386619430 0.15586975000000003 -0.1859065832420093
1427386619504 0.16144350000000005 -0.2215396936677496
1427386619574 0.16144350000000005 -0.2215396936677496
1427386619664 0.16144350000000005 -0.2215396936677496
1427386619735 0.16144350000000005 -0.2215396936677496
1427386619807 0.16144350000000005 -0.2215396936677496
1427386619879 0.16144350000000005 -0.2215396936677496
1427386619978 0.16144350000000005 -0.2215396936677496
1427386620056 0.16144350000000005 -0.2215396936677496
1427386620131 0.16144350000000005 -0.2215396936677496
1427386620223 0.16144350000000005 -0.2215396936677496
1427386620297 0.16144350000000005 -0.2215396936677496
1427386620394 0.16144350000000005 -0.2215396936677496
1427386620468 0.16144350000000005 -0.2215396936677496
1427386620542 0.16144350000000005 -0.2215396936677496
1427386620614 0.16144350000000005 -0.2215396936677496
1427386620687 0.16144350000000005 -0.2215396936677496
1427386620778 0.16144350000000005 -0.2215396936677496
1427386620864 0.16144350000000005 -0.2215396936677496
1427386620964 0.16187225000000005 -0.2242583481149235
1427386621035 0.16187225000000005 -0.2242583481149235
1427386621108 0.16187225000000005 -0.2242583481149235
1427386621180 0.16187225000000005 -0.2242583481149235
1427386621253 0.16187225000000005 -0.2242583481149235
1427386621326 0.16187225000000005 -0.2242583481149235
1427386621424 0.16187225000000005 -0.2242583481149235
1427386621496 0.16187225000000005 -0.2242583481149235
1427386621569 0.16187225000000005 -0.2242583481149235
1427386621641 0.16187225000000005 -0.2242583481149235
1427386621713 0.16187225000000005 -0.2242583481149235
1427386621785 0.16187225000000005 -0.2242583481149235
1427386621878 0.16187225000000005 -0.2242583481149235
1427386621948 0.16187225000000005 -0.2242583481149235
1427386622020 0.16187225000000005 -0.2242583481149235
1427386622092 0.16187225000000005 -0.2242583481149235
1427386622164 0.16170075000000003 -0.22317128854509632
1427386622257 0.15998575000000004 -0.21227153920235106
1427386622390 0.15998575000000004 -0.21227153920235106
1427386622463 0.15998575000000004 -0.21227153920235106
1427386622534 0.15998575000000004 -0.21227153920235106
1427386622669 0.16041450000000002 -0.21500138738239208
1427386622765 0.16041450000000002 -0.21500138738239208
1427386622849 0.16041450000000002 -0.21500138738239208
1427386622922 0.16041450000000002 -0.21500138738239208
1427386623010 0.16041450000000002 -0.21500138738239208
1427386623082 0.16272975000000006 -0.22968552064014125
1427386623154 0.16272975000000006 -0.22968552064014125
1427386623226 0.16272975000000006 -0.22968552064014125
1427386623299 0.16272975000000006 -0.22968552064014125
1427386623373 0.16272975000000006 -0.22968552064014125
1427386623445 0.16272975000000006 -0.22968552064014125
1427386623517 0.16272975000000006 -0.22968552064014125
1427386623589 0.16272975000000006 -0.22968552064014125
1427386623661 0.16255825000000004 -0.22860117668501825
1427386623802 0.16255825000000004 -0.22860117668501825
1427386623874 0.16255825000000004 -0.22860117668501825
1427386623946 0.16255825000000004 -0.22860117668501825
1427386624019 0.16255825000000004 -0.22860117668501825
1427386624091 0.16255825000000004 -0.22860117668501825
1427386624214 0.16255825000000004 -0.22860117668501825
1427386624288 0.16255825000000004 -0.22860117668501825
1427386624362 0.16255825000000004 -0.22860117668501825
1427386624455 0.16255825000000004 -0.22860117668501825
1427386624535 0.16255825000000004 -0.22860117668501825
1427386624609 0.16255825000000004 -0.22860117668501825
1427386624680 0.16255825000000004 -0.22860117668501825
1427386624751 0.16255825000000004 -0.22860117668501825
1427386624823 0.16255825000000004 -0.22860117668501825
1427386624895 0.16255825000000004 -0.22860117668501825
1427386624967 0.16255825000000004 -0.22860117668501825
1427386625040 0.16255825000000004 -0.22860117668501825
1427386625112 0.16255825000000004 -0.22860117668501825
1427386625184 0.16255825000000004 -0.22860117668501825
1427386625256 0.16255825000000004 -0.22860117668501825
1427386625328 0.16255825000000004 -0.22860117668501825
1427386625400 0.16255825000000004 -0.22860117668501825
1427386625489 0.16315850000000004 -0.2323939715818092
1427386625577 0.16015725000000003 -0.2133638663442659
1427386625648 0.15998575000000004 -0.21227153920235106
1427386625723 0.16170075000000003 -0.22317128854509632
1427386625795 0.16170075000000003 -0.22317128854509632
1427386625869 0.16170075000000003 -0.22317128854509632
1427386625943 0.16170075000000003 -0.22317128854509632
1427386626015 0.16187225000000005 -0.2242583481149235
1427386626087 0.16230100000000003 -0.22697363500920129
1427386626164 0.16058600000000003 -0.216092418368611
1427386626238 0.16598825000000003 -0.2501812522832609
1427386626360 0.16598825000000003 -0.2501812522832609
1427386626454 0.16598825000000003 -0.2501812522832609
1427386626526 0.16555950000000003 -0.2528625374225616
1427386626598 0.17190500000000003 -0.2128177672317913
1427386626686 0.17173350000000004 -0.21172518253635592
1427386626760 0.17173350000000004 -0.21172518253635592
1427386626834 0.16633125000000004 -0.17705794018588192
1427386626907 0.16804625000000004 -0.18811420551923064
1427386626978 0.16804625000000004 -0.18811420551923064
1427386627050 0.16804625000000004 -0.18811420551923064
1427386627122 0.16864650000000003 -0.1919730719108121
1427386627194 0.16864650000000003 -0.1919730719108121
1427386627266 0.16864650000000003 -0.1919730719108121
1427386627338 0.17061875000000004 -0.2046109683354422
1427386627410 0.17061875000000004 -0.2046109683354422
1427386627484 0.17061875000000004 -0.2046109683354422
1427386627558 0.17061875000000004 -0.2046109683354422
1427386627649 0.17061875000000004 -0.2046109683354422
1427386627721 0.17061875000000004 -0.2046109683354422
1427386627797 0.17061875000000004 -0.2046109683354422
1427386627883 0.17404875000000003 -0.1825917156885673
1427386627967 0.17276250000000004 -0.17428691556250644
1427386628042 0.16890375000000002 -0.1492305984856353
1427386628111 0.17250525000000003 -0.17262299913487347
1427386628183 0.16907525 -0.1503484701175858
1427386628259 0.17164775000000004 -0.16706968143201323
1427386628328 0.16933250000000002 -0.15202456708329923
1427386628402 0.17687850000000002 -0.20077147124029085
1427386628473 0.17687850000000002 -0.20077147124029085
1427386628546 0.17705 -0.20186908798159495
1427386628619 0.17705 -0.20186908798159495
1427386628692 0.17705 -0.20186908798159495
1427386628763 0.17533500000000002 -0.19087112398947725
1427386628854 0.17533500000000002 -0.19087112398947725
1427386628990 0.18734 -0.1127102864245886
1427386629061 0.182195 -0.1464342806038501
1427386629137 0.18776875000000004 -0.1098872164287059
1427386629209 0.18605375000000002 -0.12116850584544256
1427386629282 0.186311 -0.11947821594757732
1427386629356 0.18648250000000002 -0.11835097418756524
1427386629431 0.18648250000000002 -0.11835097418756524
1427386629507 0.18648250000000002 -0.11835097418756524
1427386629587 0.18648250000000002 -0.11835097418756524
1427386629650 0.18605375000000002 -0.12116850584544256
1427386629722 0.18605375000000002 -0.12116850584544256
1427386629796 0.18776875000000004 -0.1098872164287059
1427386629868 0.18776875000000004 -0.1098872164287059
1427386629940 0.18905500000000003 -0.1014076222108878
1427386630012 0.18905500000000003 -0.1014076222108878
1427386630084 0.18476750000000003 -0.12960933899723034
1427386630161 0.18648250000000002 -0.11835097418756524
1427386630249 0.18819750000000002 -0.12960933899723026
1427386630321 0.18819750000000002 -0.12960933899723026
1427386630394 0.18819750000000002 -0.12960933899723026
1427386630486 0.18819750000000002 -0.12960933899723026
1427386630558 0.18819750000000002 -0.12960933899723026
1427386630630 0.18279525000000002 -0.09404674095961653
1427386630702 0.18691125000000003 -0.12116850584544246
1427386630775 0.18691125000000003 -0.12116850584544246
1427386630846 0.18691125000000003 -0.12116850584544246
1427386630918 0.18734 -0.12398410557486277
1427386630994 0.18734 -0.12398410557486277
1427386631069 0.19119875000000003 -0.1492305984856353
1427386631140 0.19102725000000004 -0.1481123509658143
1427386631213 0.19102725000000004 -0.1481123509658143
1427386631284 0.18759725000000002 -0.1256725203538775
1427386631359 0.18802600000000003 -0.12848494044782674
1427386631444 0.18845475000000003 -0.1256725203538775
1427386631517 0.18845475000000003 -0.1256725203538775
1427386631590 0.193857 -0.09007890029759565
1427386631660 0.19102725 -0.10875749327838703
1427386631731 0.19102725 -0.10875749327838703
1427386631806 0.19145600000000002 -0.1059319718427331
1427386631878 0.19145600000000002 -0.1059319718427331
1427386631952 0.19145600000000002 -0.1059319718427331
1427386632025 0.19257075 -0.09857777485945964
1427386632111 0.193171 -0.1025391075438042
1427386632188 0.193171 -0.1025391075438042
1427386632255 0.193171 -0.1025391075438042
1427386632328 0.19728700000000002 -0.12960933899723043
1427386632399 0.192142 -0.09574634266233789
1427386632475 0.193857 -0.10706238671538053
1427386632547 0.19574350000000001 -0.11947821594757742
1427386632620 0.19574350000000001 -0.11947821594757742
1427386632693 0.192142 -0.09574634266233789
1427386632767 0.19617225000000002 -0.12229497995882553
1427386632840 0.19445725000000003 -0.11101665802237108
1427386632931 0.19445725000000003 -0.11101665802237108
1427386633027 0.1916275 -0.12960933899723043
1427386633099 0.1916275 -0.12960933899723043
1427386633171 0.19445725000000003 -0.11101665802237108
1427386633244 0.19445725000000003 -0.11101665802237108
1427386633315 0.19445725000000003 -0.11101665802237108
1427386633387 0.19445725000000003 -0.11101665802237108
1427386633459 0.19445725000000003 -0.11101665802237108
1427386633531 0.18905500000000003 -0.14643428060385005
1427386633604 0.19445725000000003 -0.11101665802237108
1427386633675 0.19445725000000003 -0.11101665802237108
1427386633748 0.18734 -0.1576052942208229
1427386633820 0.18734 -0.1576052942208229
1427386633891 0.19274225000000003 -0.12229497995882535
1427386633967 0.19274225000000003 -0.12229497995882535
1427386634037 0.19274225000000003 -0.12229497995882535
1427386634108 0.19102725000000004 -0.13354212164367799
1427386634192 0.19145600000000002 -0.1363487172099849
1427386634333 0.19574350000000001 -0.16428909503747943
1427386634406 0.19557200000000002 -0.1631761398083979
1427386634493 0.19231350000000003 -0.1842496614210094
1427386634566 0.19137025000000002 -0.19031997383348168
1427386634641 0.18982675000000002 -0.18037954275952126
1427386634734 0.19025550000000002 -0.1831444775301063
1427386634807 0.189741 -0.18645866157175447
1427386634883 0.190427 -0.18203884098700973
1427386635011 0.18914075000000002 -0.17373238460615975
1427386635100 0.19282800000000003 -0.19747568677075222
1427386635175 0.19197050000000004 -0.20296621181918426
1427386635247 0.19728700000000005 -0.16873678523108113
1427386635336 0.19617225000000002 -0.1615059427229502
1427386635436 0.19617225000000002 -0.1615059427229502
1427386635510 0.19034125000000002 -0.19912412699819035
1427386635590 0.189055 -0.19087112398947725
1427386635662 0.189055 -0.19087112398947725
1427386635733 0.189055 -0.19087112398947725
1427386635810 0.18948375 -0.1936251083668152
1427386635877 0.18931225000000002 -0.19252386908249047
1427386635949 0.18759725000000002 -0.1814858537289642
1427386636021 0.19205625 -0.210085343529733
1427386636093 0.19205625 -0.210085343529733
1427386636165 0.19205625 -0.210085343529733
1427386636237 0.19205625 -0.210085343529733
1427386636312 0.19205625 -0.210085343529733
1427386636382 0.19034125000000002 -0.19912412699819035
1427386636454 0.19077 -0.20186908798159506
1427386636526 0.19077 -0.20186908798159506
1427386636598 0.19119875000000003 -0.2046109683354423
1427386636670 0.18974100000000002 -0.1952760752149972
1427386636742 0.18948375 -0.1936251083668152
1427386636814 0.19377125 -0.220995561658414
1427386636886 0.18974100000000002 -0.1952760752149972
1427386636975 0.19377125 -0.220995561658414
1427386637046 0.19205625 -0.210085343529733
1427386637117 0.19205625 -0.210085343529733
1427386637190 0.19205625 -0.210085343529733
1427386637264 0.19248500000000002 -0.21281776723179147
1427386637335 0.19660100000000003 -0.23888004260430282
1427386637408 0.19145600000000002 -0.2062546028694867
1427386637484 0.19505750000000002 -0.22914341722357578
1427386637558 0.194886 -0.22805879929142142
1427386637634 0.19145600000000002 -0.2062546028694867
1427386637703 0.19377125 -0.220995561658414
1427386637780 0.19377125 -0.220995561658414
1427386637853 0.19377125 -0.220995561658414
1427386637927 0.19377125 -0.220995561658414
1427386637998 0.19274225 -0.21445567669887616
1427386638073 0.19248500000000002 -0.21281776723179147
1427386638151 0.19291375000000002 -0.2155469680317056
1427386638228 0.19874475000000003 -0.17816558354227502
1427386638300 0.19874475000000003 -0.17816558354227502
1427386638373 0.19874475000000003 -0.17816558354227502
1427386638446 0.19874475000000003 -0.17816558354227502
1427386638520 0.20303225000000003 -0.15034847011758587
1427386638591 0.20286075000000003 -0.15146596325870815
1427386638663 0.20286075000000003 -0.15146596325870815
1427386638734 0.19239925000000002 -0.21881770566090344
1427386638810 0.20303225000000003 -0.15034847011758587
1427386638881 0.20286075000000003 -0.15146596325870815
1427386638953 0.20286075000000003 -0.15146596325870815
1427386639025 0.19771575000000002 -0.18480208286531602
1427386639097 0.20303225000000003 -0.15034847011758587
1427386639169 0.20303225000000003 -0.15034847011758587
1427386639241 0.19788725000000001 -0.18369712620849704
1427386639314 0.20303225000000003 -0.15034847011758587
1427386639388 0.20131725000000003 -0.16150594272295038
1427386639459 0.20174600000000004 -0.15872026411036694
1427386639531 0.20174600000000004 -0.15872026411036694
1427386639768 0.1631585 0.0968791029032894
1427386639840 0.162644 0.1002758762682829
1427386639913 0.16221525 0.10310475160454374
1427386639986 0.15904250000000003 0.12398410557486268
1427386640060 0.15861375000000003 0.12679773076685336
1427386640135 0.15861375000000003 0.12679773076685336
1427386640207 0.15861375000000003 0.12679773076685336
1427386640284 0.15861375000000003 0.12679773076685336
1427386640356 0.15861375000000003 0.12679773076685336
1427386640430 0.15861375000000003 0.12679773076685336
1427386640503 0.15861375000000003 0.12679773076685336
1427386640576 0.15861375000000003 0.12679773076685336
1427386640650 0.15904250000000003 0.12398410557486268
1427386640721 0.15904250000000003 0.12398410557486268
1427386640792 0.15904250000000003 0.12398410557486268
1427386640864 0.15861375000000003 0.12679773076685336
1427386640936 0.15861375000000003 0.12679773076685336
1427386641011 0.15861375000000003 0.12679773076685336
1427386641105 0.15861375000000003 0.12679773076685336
1427386641184 0.15861375000000003 0.12679773076685336
1427386641255 0.158871 0.12510979497608274
1427386641330 0.15904250000000003 0.12398410557486268
1427386641401 0.15861375000000003 0.12679773076685336
1427386641474 0.15861375000000003 0.12679773076685336
1427386641545 0.15818500000000002 0.12960933899723026
1427386641637 0.15818500000000002 0.12960933899723026
1427386641712 0.15218250000000003 0.16873678523108107
1427386641785 0.14832374999999998 0.1936251083668152
1427386641860 0.15346875000000001 0.16039197220713536
1427386641934 0.15346875000000001 0.16039197220713536
1427386642004 0.15346875000000001 0.16039197220713536
1427386642076 0.15346875000000001 0.16039197220713536
1427386642148 0.14918125000000004 0.18811420551923064
1427386642220 0.14943850000000003 0.18645866157175459
1427386642292 0.1487525 0.19087112398947725
1427386642364 0.1504675 0.17982621965717557
1427386642436 0.1504675 0.17982621965717557
1427386642508 0.15218250000000003 0.16873678523108107
1427386642611 0.15218250000000003 0.16873678523108107
1427386642684 0.15089625 0.16039197220713527
1427386642756 0.14943850000000003 0.1509072641619691
1427386642828 0.14961000000000002 0.15202456708329914
1427386642901 0.14918125000000004 0.1492305984856353
1427386642972 0.14918125000000004 0.1492305984856353
1427386643055 0.13974875000000003 0.210085343529733
1427386643138 0.14163525000000005 0.1980252881373928
1427386643210 0.14703750000000004 0.16317613980839799
1427386643282 0.14335025 0.18701062492801157
1427386643354 0.14335025 0.18701062492801157
1427386643432 0.14720900000000003 0.16206277656091603
1427386643506 0.14463650000000006 0.1787192397428387
1427386643578 0.14592275000000005 0.1704029426461286
1427386643650 0.145494 0.17317774569367808
1427386643722 0.14720900000000003 0.16206277656091603
1427386643799 0.14292150000000003 0.18976870661039488
1427386643871 0.14720900000000003 0.16206277656091603
1427386643967 0.15192525 0.1925238690824904
1427386644041 0.15063900000000002 0.1842496614210095
1427386644112 0.15063900000000002 0.1842496614210095
1427386644204 0.14635150000000002 0.21172518253635592
1427386644276 0.140349 0.24964455274924752
1427386644348 0.1412065 0.24426951793841242
1427386644420 0.1412065 0.24426951793841242
1427386644492 0.1412065 0.24426951793841242
1427386644565 0.13820525000000006 0.2630173246469363
1427386644636 0.13400350000000005 0.2889472665803672
1427386644710 0.13400350000000005 0.2889472665803672
1427386644783 0.13400350000000005 0.2889472665803672
1427386644854 0.13400350000000005 0.2889472665803672
1427386644928 0.13400350000000005 0.2889472665803672
1427386644997 0.13400350000000005 0.2889472665803672
1427386645071 0.13400350000000005 0.2889472665803672
1427386645144 0.13400350000000005 0.2889472665803672
1427386645232 0.13400350000000005 0.2889472665803672
1427386645304 0.13400350000000005 0.2889472665803672
1427386645376 0.13400350000000005 0.2889472665803672
1427386645450 0.13400350000000005 0.2889472665803672
1427386645522 0.13400350000000005 0.2889472665803672
1427386645595 0.13400350000000005 0.2889472665803672
1427386645666 0.13400350000000005 0.2889472665803672
1427386645738 0.13400350000000005 0.2889472665803672
1427386645821 0.13554700000000003 0.2983750169525186
1427386645893 0.13554700000000003 0.2983750169525186
1427386645967 0.13571850000000002 0.29941921120386317
1427386646042 0.13571850000000002 0.29941921120386317
1427386646119 0.13443225000000003 0.2915714694312077
1427386646187 0.13443225000000003 0.2915714694312077
1427386646310 0.13443225000000003 0.2915714694312077
1427386646382 0.13443225000000003 0.2915714694312077
1427386646457 0.13443225000000003 0.2915714694312077
1427386646528 0.13443225000000003 0.2915714694312077
1427386646604 0.13443225000000003 0.2915714694312077
1427386646676 0.13443225000000003 0.2915714694312077
1427386646748 0.13400350000000005 0.2889472665803672
1427386646820 0.13400350000000005 0.2889472665803672
1427386646894 0.13443225000000003 0.2915714694312077
1427386647020 0.13400350000000005 0.2889472665803672
1427386647157 0.13400350000000005 0.2889472665803672
1427386647231 0.13400350000000005 0.2889472665803672
1427386647300 0.13400350000000005 0.2889472665803672
1427386647372 0.13400350000000005 0.2889472665803672
1427386647444 0.13400350000000005 0.2889472665803672
1427386647518 0.13400350000000005 0.2889472665803672
1427386647591 0.13400350000000005 0.2889472665803672
1427386647662 0.13400350000000005 0.2889472665803672
1427386647738 0.13400350000000005 0.2889472665803672
1427386647812 0.13400350000000005 0.2889472665803672
1427386647884 0.13400350000000005 0.2889472665803672
1427386647956 0.13400350000000005 0.2889472665803672
1427386648032 0.13400350000000005 0.2889472665803672
1427386648104 0.13400350000000005 0.2889472665803672
1427386648176 0.13400350000000005 0.2889472665803672
1427386648263 0.13400350000000005 0.2889472665803672
1427386648336 0.13400350000000005 0.2889472665803672
1427386648408 0.13400350000000005 0.2889472665803672
1427386648481 0.13400350000000005 0.2889472665803672
1427386648554 0.13400350000000005 0.2889472665803672
1427386648626 0.13400350000000005 0.2889472665803672
1427386648702 0.13400350000000005 0.2889472665803672
1427386648774 0.13400350000000005 0.2889472665803672
1427386648846 0.13400350000000005 0.2889472665803672
1427386648917 0.13400350000000005 0.2889472665803672
1427386648992 0.13400350000000005 0.2889472665803672
1427386649067 0.13400350000000005 0.2889472665803672
1427386649155 0.13100225000000004 0.27046455081276655
1427386649227 0.13100225000000004 0.27046455081276655
1427386649298 0.13657600000000003 0.3046300590248907
1427386649370 0.12980175000000005 0.2630173246469363
1427386649442 0.12980175000000005 0.2630173246469363
1427386649564 0.13571850000000002 0.29941921120386317
1427386649639 0.13400350000000005 0.2889472665803672
1427386649711 0.13443225000000003 0.2915714694312077
1427386649784 0.12654325 0.2426541800327869
1427386649856 0.13271725 0.2810501618096052
1427386649928 0.12482825000000003 0.2318525577634598
1427386650016 0.12482825000000003 0.2318525577634598
1427386650088 0.12482825000000003 0.2318525577634598
1427386650163 0.12482825000000003 0.2318525577634598
1427386650236 0.12482825000000003 0.2318525577634598
1427386650307 0.12482825000000003 0.2318525577634598
1427386650382 0.12482825000000003 0.2318525577634598
1427386650455 0.12482825000000003 0.2318525577634598
1427386650528 0.12482825000000003 0.2318525577634598
1427386650602 0.12482825000000003 0.2318525577634598
1427386650672 0.12482825000000003 0.2318525577634598
1427386650744 0.12482825000000003 0.2318525577634598
1427386650816 0.12482825000000003 0.2318525577634598
1427386650888 0.12482825000000003 0.2318525577634598
1427386650961 0.12482825000000003 0.2318525577634598
1427386651032 0.12482825000000003 0.2318525577634598
1427386651122 0.12482825000000003 0.2318525577634598
1427386651194 0.12482825000000003 0.2318525577634598
1427386651268 0.12482825000000003 0.2318525577634598
1427386651342 0.12482825000000003 0.2318525577634598
1427386651417 0.12482825000000003 0.2318525577634598
1427386651491 0.12482825000000003 0.2318525577634598
1427386651563 0.12482825000000003 0.2318525577634598
1427386651635 0.12482825000000003 0.2318525577634598
1427386651707 0.12482825000000003 0.2318525577634598
1427386651779 0.12482825000000003 0.2318525577634598
1427386651852 0.12482825000000003 0.2318525577634598
1427386651945 0.12482825000000003 0.2318525577634598
1427386652033 0.10244750000000002 0.08667562413768655
1427386652108 0.1007325 0.0753172589597222
1427386652180 0.10244750000000002 0.08667562413768655
1427386652252 0.10244750000000002 0.08667562413768655
1427386652326 0.10287625 0.08951183073782659
1427386652398 0.10287625 0.08951183073782659
1427386652479 0.10287625 0.08951183073782659
1427386652560 0.10287625 0.08951183073782659
1427386652634 0.10287625 0.08951183073782659
1427386652706 0.10287625 0.08951183073782659
1427386652780 0.10287625 0.08951183073782659
1427386652851 0.10287625 0.08951183073782659
1427386652923 0.10287625 0.08951183073782659
1427386652998 0.10287625 0.08951183073782659
1427386653070 0.10287625 0.08951183073782659
1427386653142 0.10287625 0.08951183073782659
1427386653216 0.10287625 0.08951183073782659
1427386653291 0.10287625 0.08951183073782659
1427386653363 0.10287625 0.08951183073782659
1427386653436 0.10287625 0.08951183073782659
1427386653529 0.10287625 0.08951183073782659
1427386653607 0.10510575 0.10423584076259965
1427386653678 0.10510575 0.10423584076259965
1427386653747 0.10510575 0.10423584076259965
1427386653819 0.10459125000000002 0.10084178164025517
1427386653909 0.10459125000000002 0.10084178164025517
1427386653982 0.10459125000000002 0.10084178164025517
1427386654077 0.10459125000000002 0.10084178164025517
1427386654157 0.10553450000000003 0.10706238671538043
1427386654232 0.10510575 0.10423584076259965
1427386654305 0.10587750000000007 0.1093223898745121
1427386654377 0.10544875000000004 0.10649721342980023
1427386654449 0.10116125000000004 0.07815879142325231
1427386654521 0.10287625 0.08951183073782659
1427386654595 0.10459125000000002 0.10084178164025517
1427386654667 0.10416250000000005 0.09801161379848129
1427386654736 0.10544875000000004 0.10649721342980023
1427386654815 0.10544875000000004 0.10649721342980023
1427386654907 0.10544875000000004 0.10649721342980023
1427386654979 0.10544875000000004 0.10649721342980023
1427386655058 0.10544875000000004 0.10649721342980023
1427386655148 0.1007325 0.0753172589597222
1427386655221 0.1007325 0.0753172589597222
1427386655291 0.1007325 0.0753172589597222
1427386655363 0.09687375000000004 0.04969405308217469
1427386655436 0.09601625000000003 0.04398993616488402
1427386655507 0.09730250000000001 0.05254492157123145
1427386655579 0.09730250000000001 0.05254492157123145
1427386655651 0.09901750000000004 0.06393939062915469
1427386655735 0.09901750000000004 0.06393939062915469
1427386655832 0.09901750000000004 0.06393939062915469
1427386655920 0.09730250000000001 0.05254492157123145
1427386655996 0.09344375000000005 0.02686187065006331
1427386656071 0.09515875000000001 0.038282953394937425
1427386656145 0.08726975000000003 -0.014290693753319232
1427386656217 0.09387250000000003 0.029717915071809715
1427386656297 0.09387250000000003 0.029717915071809715
1427386656369 0.09387250000000003 0.029717915071809715
1427386656444 0.09387250000000003 0.029717915071809715
1427386656516 0.09387250000000003 0.029717915071809715
1427386656608 0.09387250000000003 0.029717915071809715
1427386656700 0.09258625000000004 0.02114851314392056
1427386656775 0.09387250000000003 0.029717915071809715
1427386656847 0.09018525 0.005144954602913066
1427386656919 0.09018525 0.005144954602913066
1427386656994 0.09258625000000004 0.02114851314392056
1427386657065 0.08718400000000004 -0.01486223894907599
1427386657137 0.0880415 -0.009146411604818286
1427386657212 0.08932775000000004 -5.716666043925644E-4
1427386657287 0.08932775000000004 -5.716666043925644E-4
1427386657361 0.08632650000000003 -0.020577095278413515
1427386657445 0.08632650000000003 -0.020577095278413515
1427386657516 0.08632650000000003 -0.020577095278413515
1427386657589 0.08632650000000003 -0.020577095278413515
1427386657661 0.08632650000000003 -0.020577095278413515
1427386657733 0.08632650000000003 -0.020577095278413515
1427386657805 0.08632650000000003 -0.020577095278413515
1427386657877 0.08632650000000003 -0.020577095278413515
1427386657949 0.08632650000000003 -0.020577095278413515
1427386658022 0.08632650000000003 -0.020577095278413515
1427386658093 0.08632650000000003 -0.020577095278413515
1427386658165 0.08632650000000003 -0.020577095278413515
1427386658237 0.08632650000000003 -0.020577095278413515
1427386658308 0.08632650000000003 -0.020577095278413515
1427386658382 0.08632650000000003 -0.020577095278413515
1427386658453 0.08632650000000003 -0.020577095278413515
1427386658548 0.08632650000000003 -0.020577095278413515
1427386658621 0.08632650000000003 -0.020577095278413515
1427386658693 0.08632650000000003 -0.020577095278413515
1427386658766 0.08632650000000003 -0.020577095278413515
1427386658839 0.08632650000000003 -0.020577095278413515
1427386658912 0.08632650000000003 -0.020577095278413515
1427386658984 0.08632650000000003 -0.020577095278413515
1427386659058 0.08632650000000003 -0.020577095278413515
1427386659134 0.08632650000000003 -0.020577095278413515
1427386659205 0.08632650000000003 -0.020577095278413515
1427386659279 0.08632650000000003 -0.020577095278413515
1427386659352 0.08632650000000003 -0.020577095278413515
1427386738515 0.12431375 0.038282953394937425
1427386738586 0.13100225 -0.006288250448493099
1427386738658 0.136919 -0.04570148895456721
1427386738730 0.13563274999999997 -0.03714124546690016
1427386738802 0.1394915 -0.06280064262886545
1427386738874 0.13992024999999997 -0.06564720041509564
1427386738947 0.14420774999999997 -0.09404674095961661
1427386739018 0.1446365 -0.0968791029032895
1427386739097 0.1446365 -0.0968791029032895
1427386739170 0.1446365 -0.0968791029032895
1427386739241 0.1446365 -0.0968791029032895
1427386739313 0.1446365 -0.0968791029032895
1427386739389 0.1446365 -0.0968791029032895
1427386739476 0.14763775 -0.11665954566045562
1427386739547 0.14763775 -0.11665954566045562
1427386739620 0.14763775 -0.11665954566045562
1427386739696 0.14592275 -0.10536666230304945
1427386739768 0.14635149999999997 -0.10819252698789464
1427386739840 0.14506524999999998 -0.09970990644636167
1427386739914 0.145494 -0.1025391075438043
1427386739984 0.14935275000000003 -0.12792261846386177
1427386740058 0.143779 -0.09121286480889218
1427386740135 0.143779 -0.09121286480889218
1427386740223 0.14335025 -0.08837751878921057
1427386740294 0.14163525 -0.07702232761643048
1427386740368 0.14163525 -0.07702232761643048
1427386740452 0.14163525 -0.07702232761643048
1427386740524 0.14163525 -0.07702232761643048
1427386740595 0.14163525 -0.07702232761643048
1427386740667 0.14163525 -0.07702232761643048
1427386740744 0.14163525 -0.07702232761643048
1427386740816 0.14163525 -0.07702232761643048
1427386740913 0.15063900000000002 -0.1363487172099851
1427386740996 0.15063900000000002 -0.1363487172099851
1427386741118 0.15278275 -0.15034847011758587
1427386741191 0.15449775 -0.16150594272295046
1427386741267 0.15449775 -0.16150594272295046
1427386741340 0.15449775 -0.16150594272295046
1427386741416 0.15449775 -0.16150594272295046
1427386741489 0.15278275 -0.15034847011758587
1427386741673 0.15278275 -0.15034847011758587
1427386741745 0.15278275 -0.15034847011758587
1427386741817 0.15278275 -0.15034847011758587
1427386741896 0.15278275 -0.15034847011758587
1427386741968 0.15278275 -0.15034847011758587
1427386742053 0.155784 -0.16984766251634129
1427386742140 0.15021025 -0.13354212164367818
1427386742212 0.1504675 -0.13522633582169422
1427386742289 0.1497815 -0.13073340807289394
1427386742360 0.1480665 -0.1194782159475775
1427386742433 0.14763775 -0.11665954566045562
1427386742504 0.14763775 -0.11665954566045562
1427386742576 0.14849525000000002 -0.12229497995882563
1427386742650 0.14849525000000002 -0.12229497995882563
1427386742725 0.154069 -0.15872026411036694
1427386742796 0.15449775 -0.16150594272295046
1427386742869 0.15449775 -0.16150594272295046
1427386742940 0.15449775 -0.16150594272295046
1427386743012 0.15278275 -0.15034847011758587
1427386743103 0.15278275 -0.15034847011758587
1427386743178 0.15278275 -0.15034847011758587
1427386743250 0.15278275 -0.15034847011758587
1427386743322 0.15278275 -0.15034847011758587
1427386743504 0.15689875 -0.1770579401858822
1427386743576 0.1573275 -0.17982621965717577
1427386743651 0.1573275 -0.17982621965717577
1427386743723 0.159214 -0.19197307191081217
1427386743795 0.15518375 -0.1659577573107974
1427386743879 0.157499 -0.1809327542183591
1427386743954 0.157499 -0.1809327542183591
1427386744030 0.157499 -0.1809327542183591
1427386744101 0.15792775 -0.18369712620849715
1427386744174 0.15792775 -0.18369712620849715
1427386744247 0.15792775 -0.18369712620849715
1427386744319 0.15792775 -0.18369712620849715
1427386744390 0.15792775 -0.18369712620849715
1427386744513 0.15792775 -0.18369712620849715
1427386744585 0.15792775 -0.18369712620849715
1427386744657 0.15792775 -0.18369712620849715
1427386744729 0.15792775 -0.18369712620849715
1427386744807 0.15792775 -0.18369712620849715
1427386744879 0.15792775 -0.18369712620849715
1427386744951 0.15792775 -0.18369712620849715
1427386745034 0.15964275 -0.19472587226919363
1427386745121 0.16393025 -0.22208369233379943
1427386745193 0.16375875 -0.22099556165841405
1427386745265 0.16375875 -0.22099556165841405
1427386745337 0.16221525 -0.21117869751465598
1427386745411 0.16221525 -0.21117869751465598
1427386745483 0.162644 -0.21390983625980456
1427386745567 0.162644 -0.21390983625980456
1427386745639 0.162644 -0.21390983625980456
1427386745711 0.162644 -0.21390983625980456
1427386745783 0.162644 -0.21390983625980456
1427386745855 0.162644 -0.21390983625980456
1427386745938 0.15947125 -0.1936251083668153
1427386746010 0.1599 -0.19637612162516888
1427386746082 0.16204375 -0.2100853435297331
1427386746154 0.16393025 -0.22208369233379943
1427386746225 0.16375875 -0.22099556165841405
1427386746298 0.16393025 -0.22208369233379943
1427386746369 0.15878525 -0.18921732261807608
1427386746442 0.162644 -0.21390983625980456
1427386746513 0.162644 -0.21390983625980456
1427386746585 0.162644 -0.21390983625980456
1427386746658 0.15964275 -0.19472587226919363
1427386746756 0.161615 -0.20734973208636306
1427386746839 0.161615 -0.20734973208636306
1427386746914 0.161615 -0.20734973208636306
1427386746985 0.161615 -0.20734973208636306
1427386747056 0.161615 -0.20734973208636306
1427386747129 0.161615 -0.20734973208636306
1427386747201 0.161615 -0.20734973208636306
1427386747274 0.161615 -0.20734973208636306
1427386747349 0.161615 -0.20734973208636306
1427386747416 0.161615 -0.20734973208636306
1427386747488 0.161615 -0.20734973208636306
1427386747561 0.161615 -0.20734973208636306
1427386747632 0.161615 -0.20734973208636306
1427386747704 0.161615 -0.20734973208636306
1427386747777 0.161615 -0.20734973208636306
1427386747862 0.16393025 -0.22208369233379943
1427386747938 0.1659025 -0.23455823707929507
1427386748005 0.1659025 -0.23455823707929507
1427386748077 0.16393025 -0.22208369233379943
1427386748165 0.16393025 -0.22208369233379943
1427386748236 0.164359 -0.22480167598082829
1427386748310 0.16890375 -0.25339835021297097
1427386748383 0.16873225 -0.25232657622402543
1427386748457 0.16873225 -0.25232657622402543
1427386748531 0.16718875 -0.2426541800327871
1427386748602 0.16718875 -0.2426541800327871
1427386748686 0.16718875 -0.2426541800327871
1427386748758 0.16718875 -0.2426541800327871
1427386748833 0.16718875 -0.2426541800327871
1427386748906 0.16718875 -0.2426541800327871
1427386748978 0.16718875 -0.2426541800327871
1427386749049 0.16718875 -0.2426541800327871
1427386749126 0.16718875 -0.2426541800327871
1427386749200 0.16718875 -0.2426541800327871
1427386749271 0.16718875 -0.2426541800327871
1427386749343 0.16718875 -0.2426541800327871
1427386749418 0.16718875 -0.2426541800327871
1427386749493 0.16718875 -0.2426541800327871
1427386749564 0.16718875 -0.2426541800327871
1427386749639 0.16718875 -0.2426541800327871
1427386749711 0.16718875 -0.2426541800327871
1427386749795 0.16633125 -0.2372604222614338
1427386749867 0.17061874999999999 -0.26408306513537283
1427386749939 0.17061874999999999 -0.26408306513537283
1427386750011 0.17061874999999999 -0.26408306513537283
1427386750083 0.16890375 -0.25339835021297097
1427386750155 0.16890375 -0.25339835021297097
1427386750228 0.16890375 -0.25339835021297097
1427386750321 0.1693325 -0.25607517945341096
1427386750394 0.1683035 -0.24964455274924752
1427386750467 0.16804625 -0.24803357360822
1427386750540 0.171905 -0.27205642183166245
1427386750611 0.1683035 -0.24964455274924752
1427386750684 0.17061874999999999 -0.26408306513537283
1427386750755 0.17061874999999999 -0.26408306513537283
1427386750830 0.17061874999999999 -0.26408306513537283
1427386750904 0.17104750000000002 -0.26674472649254605
1427386750976 0.16958974999999998 -0.2576794804363277
1427386751060 0.17301975000000003 -0.23617996957883264
1427386751134 0.17130475 -0.24695885622994948
1427386751208 0.17130475 -0.24695885622994948
1427386751302 0.17362000000000002 -0.26141756702240376
1427386751374 0.17404875000000003 -0.2640830651353728
1427386751446 0.17404875000000003 -0.2640830651353728
1427386751520 0.17259100000000002 -0.25500489567884566
1427386751592 0.17276250000000004 -0.25607517945341085
1427386751663 0.17276250000000004 -0.25607517945341085
1427386751737 0.17705 -0.2826325003076223
1427386751813 0.1768785 -0.28157776904379134
1427386751889 0.17533500000000002 -0.27205642183166223
1427386751976 0.17576375 -0.27470639801976066
1427386752047 0.17576375 -0.27470639801976066
1427386752119 0.17404875000000003 -0.2640830651353728
1427386752192 0.17447750000000004 -0.26674472649254594
1427386752263 0.17430600000000002 -0.2656805242457493
1427386752360 0.18502475000000002 -0.1980252881373929
1427386752447 0.18776875 -0.21554696803170542
1427386752518 0.18776875 -0.21554696803170542
1427386752590 0.18776875 -0.21554696803170542
1427386752661 0.18776875 -0.21554696803170542
1427386752733 0.18262375000000003 -0.1825917156885673
1427386752807 0.1864825 -0.2073497320863629
1427386752879 0.1864825 -0.2073497320863629
1427386752951 0.18691125000000003 -0.2100853435297329
1427386753024 0.18545350000000002 -0.20077147124029085
1427386753096 0.18519625000000003 -0.19912412699819043
1427386753170 0.18948375 -0.2264308486567648
1427386753270 0.18931225000000002 -0.22534486887312005
1427386753392 0.18776875 -0.21554696803170542
1427386753474 0.18691125000000003 -0.2209955616584138
1427386753546 0.1864825 -0.22371488554599822
1427386753618 0.1864825 -0.22371488554599822
1427386753690 0.1864825 -0.22371488554599822
1427386753763 0.1864825 -0.22371488554599822
1427386753835 0.1864825 -0.22371488554599822
1427386753907 0.1847675 -0.2345582370792949
1427386753979 0.18433875 -0.23726042226143362
1427386754059 0.18433875 -0.23726042226143362
1427386754130 0.18433875 -0.23726042226143362
1427386754202 0.18433875 -0.23726042226143362
1427386754277 0.1864825 -0.22371488554599822
1427386754349 0.1864825 -0.22371488554599822
1427386754422 0.1864825 -0.22371488554599822
1427386754493 0.1864825 -0.22371488554599822
1427386754568 0.18519625 -0.2318525577634598
1427386754652 0.18862625000000002 -0.25339835021297097
1427386754743 0.18691125000000003 -0.24265418003278702
1427386754819 0.18691125000000003 -0.24265418003278702
1427386754891 0.1864825 -0.24534568825395892
1427386754963 0.18691125000000003 -0.24265418003278702
1427386755035 0.19248500000000002 -0.207349732086363
1427386755107 0.19291375000000002 -0.2046109683354422
1427386755179 0.195915 -0.1853543902394901
1427386755251 0.195915 -0.1853543902394901
1427386755327 0.19359975000000001 -0.20022247875368843
1427386755416 0.19574350000000001 -0.21390983625980445
1427386755499 0.1947145 -0.207349732086363
1427386755588 0.19702975 -0.1925238690824904
1427386755660 0.18974100000000002 -0.23888004260430273
1427386755755 0.19377125000000003 -0.2640830651353728
1427386755829 0.19205625000000004 -0.25339835021297097
1427386755903 0.19205625000000004 -0.25339835021297097
1427386755985 0.19034125000000002 -0.24265418003278702
1427386756057 0.19077000000000005 -0.24534568825395892
1427386756144 0.19077000000000005 -0.24534568825395892
1427386756222 0.19831600000000005 -0.19747568677075228
1427386756294 0.19848750000000004 -0.19637612162516888
1427386756373 0.20106000000000002 -0.21281776723179138
1427386756445 0.20148875000000005 -0.2155469680317055
1427386756520 0.20148875000000005 -0.2155469680317055
1427386756606 0.20148875000000005 -0.2155469680317055
1427386756676 0.19977375000000003 -0.2046109683354423
1427386756804 0.20388975000000004 -0.1781655835422751
1427386756877 0.20457575000000003 -0.1825917156885673
1427386756949 0.20286075000000003 -0.17151318431946816
1427386757021 0.20689100000000002 -0.19747568677075222
1427386757093 0.20689100000000002 -0.19747568677075222
1427386757186 0.20731975000000002 -0.20022247875368843
1427386757268 0.20946350000000002 -0.18645866157175459
1427386757340 0.2077485 -0.19747568677075228
1427386757412 0.2077485 -0.19747568677075228
1427386757484 0.2077485 -0.19747568677075228
1427386757556 0.20603350000000004 -0.20844435693099742
1427386757628 0.20603350000000004 -0.20844435693099742
1427386757700 0.20457575000000003 -0.2177279847294833
1427386757772 0.20011675 -0.24588355616481036
1427386757843 0.20903475000000002 -0.18921732261807608
1427386757927 0.20946350000000002 -0.18645866157175459
1427386758002 0.20946350000000002 -0.18645866157175459
1427386758076 0.20800575000000002 -0.19582615843156068
1427386758147 0.20817725000000004 -0.19472587226919352
1427386758221 0.20629075000000002 -0.20680223038212203
1427386758295 0.20646225 -0.2057068498336637
1427386758370 0.21074975 -0.17816558354227502
1427386758466 0.20972075 -0.17151318431946816
1427386758550 0.21375100000000002 -0.19747568677075222
1427386758622 0.21203600000000003 -0.18645866157175459
1427386758718 0.21375100000000002 -0.1753956523694794
1427386758795 0.21357950000000003 -0.17650395364384133
1427386758867 0.21203600000000003 -0.18645866157175459
1427386758939 0.21246475000000004 -0.18369712620849696
1427386759012 0.21143575000000003 -0.19031997383348187
1427386759084 0.21546600000000002 -0.16428909503747963
1427386759156 0.20989225000000003 -0.20022247875368843
1427386759228 0.21375100000000002 -0.1753956523694794
1427386759313 0.21315075000000003 -0.17151318431946805
1427386759400 0.21546600000000005 -0.18645866157175447
1427386759471 0.21546600000000005 -0.18645866157175447
1427386759554 0.21889600000000003 -0.16428909503747952
1427386759628 0.217181 -0.17539565236947952
1427386759702 0.217181 -0.17539565236947952
1427386759777 0.21546600000000005 -0.18645866157175447
1427386759856 0.21546600000000005 -0.18645866157175447
1427386759938 0.21846725000000003 -0.2057068498336635
1427386760013 0.2128935 -0.169847662516341
1427386760087 0.21315075000000003 -0.17151318431946805
1427386760161 0.21486575000000002 -0.18259171568856722
1427386760233 0.21675225000000004 -0.19472587226919344
1427386760305 0.21718100000000004 -0.19747568677075222
1427386760377 0.21718100000000004 -0.19747568677075222
1427386760452 0.21718100000000004 -0.19747568677075222
1427386760525 0.21546600000000005 -0.18645866157175447
1427386760608 0.21572325000000003 -0.18811420551923064
1427386760691 0.2194105 -0.16428909503747952
1427386760763 0.21958200000000003 -0.16317613980839799
1427386760835 0.21812425000000002 -0.17262299913487347
1427386760908 0.21786700000000003 -0.17428691556250644
1427386760980 0.21683800000000003 -0.18093275421835883
1427386761051 0.2204395 -0.1576052942208229
1427386761144 0.22318350000000003 -0.1753956523694794
1427386761218 0.22301200000000004 -0.17428691556250644
1427386761290 0.21786700000000003 -0.14083476048493102
1427386761387 0.22361225 -0.17816558354227502
1427386761457 0.22361225 -0.17816558354227502
1427386761534 0.22189725000000005 -0.16706968143201323
1427386761606 0.22189725000000005 -0.16706968143201323
1427386761701 0.21958200000000003 -0.18203884098700993
1427386761773 0.21975350000000005 -0.18093275421835894
1427386761846 0.21932475 -0.18369712620849704
1427386761967 0.21932475 -0.18369712620849704
1427386762039 0.21958200000000003 -0.18203884098700993
1427386762111 0.21932475 -0.18369712620849704
1427386762188 0.21803850000000002 -0.19197307191081217
1427386762260 0.21829575000000004 -0.19031997383348176
1427386762332 0.21803850000000002 -0.19197307191081217
1427386762404 0.22361225000000004 -0.15593209905046151
1427386762476 0.22189725000000005 -0.16706968143201323
1427386762548 0.22232600000000002 -0.16428909503747952
1427386762620 0.22258325 -0.16261950902851408
1427386762691 0.22232600000000002 -0.16428909503747952
1427386762765 0.22275475000000003 -0.16150594272295038
1427386762859 0.22446975000000002 -0.17262299913487347
1427386762931 0.22618475000000002 -0.18369712620849696
1427386763003 0.22446975000000002 -0.17262299913487347
1427386763075 0.22344075000000002 -0.16595775731079734
1427386763220 0.22275475000000003 -0.16150594272295038
1427386763296 0.2214685 -0.15314148761976884
1427386763368 0.2214685 -0.15314148761976884
1427386763444 0.214094 -0.10480128515987674
1427386763516 0.21546600000000002 -0.11383901199457405
1427386763588 0.20740550000000002 -0.060522660215956516
1427386763665 0.20783425000000003 -0.06337003720027817
1427386763731 0.20783425000000003 -0.06337003720027817
1427386763803 0.15561250000000004 0.2773524218660652
1427386763875 0.15243975000000004 0.2968074677469125
1427386763963 0.15021025 0.3103423273972799
1427386764038 0.15389750000000002 0.28789643577748775
1427386764109 0.15089625 0.30619000371066907
1427386764197 0.15046750000000003 0.30358924461405373
1427386764385 0.15089625000000004 0.3009842406810798
1427386764454 0.14935275000000003 0.3103423273972798
1427386764525 0.14172100000000004 0.35577187695213386
1427386764597 0.14172100000000004 0.35577187695213386
1427386764670 0.14172100000000004 0.35577187695213386
1427386764744 0.14172100000000004 0.35577187695213386
1427386764816 0.14172100000000004 0.35577187695213386
1427386764895 0.14172100000000004 0.35577187695213386
1427386764969 0.14172100000000004 0.35577187695213386
1427386765042 0.14172100000000004 0.35577187695213386
1427386765133 0.14172100000000004 0.35577187695213386
1427386765222 0.1391485 0.34061886437791294
1427386765294 0.1391485 0.34061886437791294
1427386765366 0.13897700000000002 0.33960276510514437
1427386765437 0.13871975000000003 0.33807724778652365
1427386765510 0.14300725000000003 0.363285357559256
1427386765603 0.14300725000000003 0.363285357559256
1427386765686 0.14300725000000003 0.363285357559256
1427386765767 0.13743350000000004 0.33042517975953195
1427386765842 0.143436 0.36578039072324625
1427386765966 0.143436 0.36578039072324625
1427386766040 0.14129225 0.35325798338747244
1427386766114 0.13571850000000002 0.320159712591798
1427386766187 0.13571850000000002 0.320159712591798
1427386766258 0.13614725000000005 0.32273273241740974
1427386766337 0.13614725000000005 0.32273273241740974
1427386766413 0.13614725000000005 0.32273273241740974
1427386766483 0.13614725000000005 0.32273273241740974
1427386766560 0.13614725000000005 0.32273273241740974
1427386766627 0.13614725000000005 0.32273273241740974
1427386766703 0.13614725000000005 0.32273273241740974
1427386766772 0.13614725000000005 0.32273273241740974
1427386766843 0.13614725000000005 0.32273273241740974
1427386766915 0.13614725000000005 0.32273273241740974
1427386766987 0.13614725000000005 0.32273273241740974
1427386767059 0.13614725000000005 0.32273273241740974
1427386767131 0.13614725000000005 0.32273273241740974
1427386767214 0.13614725000000005 0.32273273241740974
1427386767286 0.13614725000000005 0.32273273241740974
1427386767359 0.13871975000000003 0.33807724778652365
1427386767431 0.1391485 0.34061886437791294
1427386767504 0.1391485 0.34061886437791294
1427386767576 0.1391485 0.34061886437791294
1427386767649 0.1391485 0.34061886437791294
1427386767720 0.1391485 0.34061886437791294
1427386767793 0.1391485 0.34061886437791294
1427386767864 0.1391485 0.34061886437791294
1427386767937 0.1391485 0.34061886437791294
1427386768009 0.1391485 0.34061886437791294
1427386768086 0.1391485 0.34061886437791294
1427386768160 0.1391485 0.34061886437791294
1427386768231 0.1391485 0.34061886437791294
1427386768303 0.1391485 0.34061886437791294
1427386768382 0.1391485 0.34061886437791294
1427386768449 0.1391485 0.34061886437791294
1427386768536 0.1391485 0.34061886437791294
1427386768608 0.1391485 0.34061886437791294
1427386768680 0.1391485 0.34061886437791294
1427386768752 0.1391485 0.34061886437791294
1427386768825 0.1391485 0.34061886437791294
1427386768897 0.1391485 0.34061886437791294
1427386768970 0.1391485 0.34061886437791294
1427386769041 0.1391485 0.34061886437791294
1427386769124 0.1391485 0.34061886437791294
1427386769199 0.1391485 0.34061886437791294
1427386769279 0.1391485 0.34061886437791294
1427386769369 0.1391485 0.34061886437791294
1427386769439 0.1391485 0.34061886437791294
1427386769512 0.1391485 0.34061886437791294
1427386769584 0.1391485 0.34061886437791294
1427386769656 0.1391485 0.34061886437791294
1427386769728 0.1391485 0.34061886437791294
1427386769801 0.1391485 0.34061886437791294
1427386769872 0.1391485 0.34061886437791294
1427386769946 0.1391485 0.34061886437791294
1427386770021 0.1391485 0.34061886437791294
1427386770095 0.1391485 0.34061886437791294
1427386770168 0.1391485 0.34061886437791294
1427386770241 0.1391485 0.34061886437791294
1427386770311 0.1391485 0.34061886437791294
1427386770399 0.1391485 0.34061886437791294
1427386770471 0.1391485 0.34061886437791294
1427386770568 0.1391485 0.34061886437791294
1427386770640 0.1391485 0.34061886437791294
1427386770716 0.1391485 0.34061886437791294
1427386770788 0.1391485 0.34061886437791294
1427386770862 0.1391485 0.34061886437791294
1427386770934 0.1391485 0.34061886437791294
1427386771021 0.1391485 0.34061886437791294
1427386771150 0.13280300000000006 0.30254775102591347
1427386771224 0.13280300000000006 0.30254775102591347
1427386771307 0.13280300000000006 0.30254775102591347
1427386771381 0.13280300000000006 0.30254775102591347
1427386771456 0.13280300000000006 0.30254775102591347
1427386771574 0.13280300000000006 0.30254775102591347
1427386771642 0.13280300000000006 0.30254775102591347
1427386771715 0.13280300000000006 0.30254775102591347
1427386771788 0.13280300000000006 0.30254775102591347
1427386771863 0.13451800000000003 0.31293193496241295
1427386771937 0.14086350000000003 0.3507394207428969
1427386772008 0.13280300000000006 0.30254775102591347
1427386772080 0.11762525000000001 0.20789710769743505
1427386772152 0.125257 0.25607517945341074
1427386772224 0.125257 0.25607517945341074
1427386772296 0.12577150000000004 0.2592824259862966
1427386772368 0.125257 0.25607517945341074
1427386772439 0.13280300000000006 0.30254775102591347
1427386772518 0.13280300000000006 0.30254775102591347
1427386772589 0.11934025000000004 0.21881770566090336
1427386855484 0.17790750000000002 0.027433116094094916
1427386855556 0.17790750000000002 0.027433116094094916
1427386855627 0.18348125000000004 -0.009718027398090814
1427386855699 0.18348125000000004 -0.009718027398090814
1427386855771 0.18391000000000002 -0.012576003635133792
1427386855844 0.18391000000000002 -0.012576003635133792
1427386855943 0.18819750000000002 -0.04113677992071912
1427386856031 0.18819750000000002 -0.04113677992071912
1427386856103 0.18819750000000002 -0.04113677992071912
1427386856179 0.18819750000000002 -0.04113677992071912
1427386856250 0.18819750000000002 -0.04113677992071912
1427386856322 0.18819750000000002 -0.04113677992071912
1427386856397 0.18819750000000002 -0.04113677992071912
1427386856475 0.18819750000000002 -0.04113677992071912
1427386856548 0.18819750000000002 -0.04113677992071912
1427386856623 0.18819750000000002 -0.04113677992071912
1427386856697 0.18819750000000002 -0.04113677992071912
1427386856782 0.18888350000000004 -0.04570148895456712
1427386856855 0.18862625000000005 -0.04398993616488412
1427386856939 0.18862625000000005 -0.04398993616488412
1427386857013 0.18862625000000005 -0.04398993616488412
1427386857086 0.18862625000000005 -0.04398993616488412
1427386857158 0.18862625000000005 -0.04398993616488412
1427386857230 0.18862625000000005 -0.04398993616488412
1427386857302 0.18862625000000005 -0.04398993616488412
1427386857374 0.18862625000000005 -0.04398993616488412
1427386857448 0.18862625000000005 -0.04398993616488412
1427386857575 0.18862625000000005 -0.04398993616488412
1427386857650 0.18862625000000005 -0.04398993616488412
1427386857721 0.18862625000000005 -0.04398993616488412
1427386857806 0.18991250000000004 -0.05254492157123163
1427386857887 0.18991250000000004 -0.05254492157123163
1427386857962 0.18974100000000005 -0.05140467415966296
1427386858032 0.18974100000000005 -0.05140467415966296
1427386858119 0.18974100000000005 -0.05140467415966296
1427386858192 0.18974100000000005 -0.05140467415966296
1427386858264 0.18974100000000005 -0.05140467415966296
1427386858338 0.18974100000000005 -0.05140467415966296
1427386858411 0.18974100000000005 -0.05140467415966296
1427386858483 0.18974100000000005 -0.05140467415966296
1427386858555 0.18974100000000005 -0.05140467415966296
1427386858630 0.18974100000000005 -0.05140467415966296
1427386858756 0.18974100000000005 -0.05140467415966296
1427386858828 0.18991250000000004 -0.05254492157123163
1427386858907 0.18991250000000004 -0.05254492157123163
1427386859006 0.18991250000000004 -0.05254492157123163
1427386859082 0.19299950000000005 -0.07304315307383248
1427386859218 0.18759725000000002 -0.03714124546689997
1427386859290 0.18759725000000002 -0.03714124546689997
1427386859363 0.18716850000000002 -0.03428655828481774
1427386859435 0.18691125000000003 -0.03257347461697703
1427386859508 0.18691125000000003 -0.03257347461697703
1427386859579 0.18648250000000002 -0.029717915071809715
1427386859653 0.18262375000000003 -0.004001645306860757
1427386859726 0.18819750000000002 -0.04113677992071912
1427386859800 0.18819750000000002 -0.04113677992071912
1427386859887 0.18819750000000002 -0.04113677992071912
1427386859963 0.18819750000000002 -0.04113677992071912
1427386860108 0.186311 -0.028575552886375213
1427386860207 0.186311 -0.028575552886375213
1427386860280 0.186311 -0.028575552886375213
1427386860351 0.186311 -0.028575552886375213
1427386860436 0.18288100000000002 -0.005716604393802823
1427386860522 0.18802600000000003 -0.03999532715481135
1427386860594 0.18819750000000002 -0.04113677992071912
1427386860671 0.18862625000000005 -0.04398993616488412
1427386860746 0.18862625000000005 -0.04398993616488412
1427386860815 0.18862625000000005 -0.04398993616488412
1427386860902 0.18862625000000005 -0.04398993616488412
1427386860974 0.18862625000000005 -0.04398993616488412
1427386861046 0.18862625000000005 -0.04398993616488412
1427386861118 0.18862625000000005 -0.04398993616488412
1427386861190 0.18862625000000005 -0.04398993616488412
1427386861262 0.18862625000000005 -0.04398993616488412
1427386861334 0.18862625000000005 -0.04398993616488412
1427386861405 0.18862625000000005 -0.04398993616488412
1427386861478 0.18862625000000005 -0.04398993616488412
1427386861550 0.18862625000000005 -0.04398993616488412
1427386861622 0.18862625000000005 -0.04398993616488412
1427386861694 0.18862625000000005 -0.04398993616488412
1427386861766 0.18862625000000005 -0.04398993616488412
1427386861850 0.18991250000000004 -0.05254492157123163
1427386861925 0.18991250000000004 -0.05254492157123163
1427386861997 0.18974100000000005 -0.05140467415966296
1427386862069 0.18974100000000005 -0.05140467415966296
1427386862206 0.18588225000000003 -0.025719327526188145
1427386862292 0.18588225000000003 -0.025719327526188145
1427386862364 0.18588225000000003 -0.025719327526188145
1427386862435 0.18588225000000003 -0.025719327526188145
1427386862509 0.18588225000000003 -0.025719327526188145
1427386862579 0.18588225000000003 -0.025719327526188145
1427386862653 0.18588225000000003 -0.025719327526188145
1427386862726 0.18588225000000003 -0.025719327526188145
1427386862799 0.18588225000000003 -0.025719327526188145
1427386862986 0.18991250000000004 -0.05254492157123163
1427386863060 0.18991250000000004 -0.05254492157123163
1427386863132 0.18476750000000003 -0.018291293145748743
1427386863224 0.18819750000000002 -0.04113677992071912
1427386863302 0.18819750000000002 -0.04113677992071912
1427386863381 0.18862625000000005 -0.04398993616488412
1427386863480 0.18862625000000005 -0.04398993616488412
1427386863555 0.18862625000000005 -0.04398993616488412
1427386863631 0.18905500000000003 -0.046842375928426265
1427386863706 0.18905500000000003 -0.046842375928426265
1427386863779 0.18905500000000003 -0.046842375928426265
1427386863851 0.18905500000000003 -0.046842375928426265
1427386863923 0.18905500000000003 -0.046842375928426265
1427386863996 0.18905500000000003 -0.046842375928426265
1427386864068 0.18905500000000003 -0.046842375928426265
1427386864140 0.18905500000000003 -0.046842375928426265
1427386864213 0.18905500000000003 -0.046842375928426265
1427386864284 0.18905500000000003 -0.046842375928426265
1427386864356 0.18905500000000003 -0.046842375928426265
1427386864428 0.18905500000000003 -0.046842375928426265
1427386864500 0.18905500000000003 -0.046842375928426265
1427386864575 0.18905500000000003 -0.046842375928426265
1427386864647 0.18905500000000003 -0.046842375928426265
1427386864722 0.18991250000000004 -0.05254492157123163
1427386864858 0.18991250000000004 -0.05254492157123163
1427386864931 0.18476750000000003 -0.018291293145748743
1427386865007 0.18734 -0.03542850285192528
1427386865080 0.18888350000000004 -0.04570148895456712
1427386865153 0.18888350000000004 -0.04570148895456712
1427386865288 0.18888350000000004 -0.04570148895456712
1427386865374 0.18776875000000004 -0.038282953394937515
1427386865458 0.19317100000000004 -0.07418030209996541
1427386865532 0.19299950000000005 -0.07304315307383248
1427386865605 0.19299950000000005 -0.07304315307383248
1427386865680 0.19299950000000005 -0.07304315307383248
1427386865756 0.18931225000000002 -0.04855347668307931
1427386865830 0.18991250000000004 -0.05254492157123163
1427386865904 0.18991250000000004 -0.05254492157123163
1427386865978 0.19188475000000005 -0.06564720041509554
1427386866051 0.19188475000000005 -0.06564720041509554
1427386866141 0.19188475000000005 -0.06564720041509554
1427386866216 0.19188475000000005 -0.06564720041509554
1427386866287 0.19188475000000005 -0.06564720041509554
1427386866359 0.19188475000000005 -0.06564720041509554
1427386866433 0.19188475000000005 -0.06564720041509