1427388423086 0.05940100000000004 -0.3894881166443516
1427388423157 0.05862925000000008 -0.385076996625974
1427388423258 0.07080575 -0.4527799652266642
1427388423339 0.07080575 -0.4527799652266642
1427388423411 0.07080575 -0.4527799652266642
1427388423485 0.07080575 -0.4527799652266642
1427388423556 0.07166325000000007 -0.457392185930773
1427388423629 0.07252075000000002 -0.46198356048981737
1427388423708 0.07852325000000004 -0.49353567636217516
1427388423773 0.07552200000000003 -0.47788850362234525
1427388423846 0.07723700000000006 -0.4868614022248441
1427388423956 0.07766575000000003 -0.48909144235614654
1427388424030 0.08323950000000002 -0.5176004437893195
1427388424111 0.08323950000000002 -0.5176004437893195
1427388424176 0.08323950000000002 -0.5176004437893195
1427388424255 0.08323950000000002 -0.5176004437893195
1427388424326 0.08323950000000002 -0.5176004437893195
1427388424402 0.08323950000000002 -0.5176004437893195
1427388424471 0.08323950000000002 -0.5176004437893195
1427388424544 0.08323950000000002 -0.5176004437893195
1427388424619 0.08323950000000002 -0.5176004437893195
1427388424694 0.08521175000000003 -0.5274736162277883
1427388424805 0.08967075000000002 -0.5493818325118979
1427388424878 0.08967075000000002 -0.5493818325118979
1427388424958 0.08967075000000002 -0.5493818325118979
1427388425022 0.08967075000000002 -0.5493818325118979
1427388425099 0.08452575000000007 -0.5240522049417471
1427388425171 0.08838450000000003 -0.5431209900927877
1427388425278 0.08838450000000003 -0.5431209900927877
1427388425351 0.08838450000000003 -0.5431209900927877
1427388425423 0.08666950000000007 -0.5346990146389212
1427388425496 0.08666950000000007 -0.5346990146389212
1427388425572 0.08666950000000007 -0.5346990146389212
1427388425643 0.08666950000000007 -0.5346990146389212
1427388425716 0.08666950000000007 -0.5346990146389212
1427388425790 0.08666950000000007 -0.5346990146389212
1427388425864 0.08735550000000003 -0.5380779842404928
1427388425983 0.08606925000000004 -0.5317312780251351
1427388426055 0.08606925000000004 -0.5317312780251351
1427388426132 0.08967075000000002 -0.5493818325118979
1427388426208 0.08967075000000002 -0.5493818325118979
1427388426284 0.08967075000000002 -0.5493818325118979
1427388426357 0.08452575000000007 -0.5240522049417471
1427388426441 0.08452575000000007 -0.5240522049417471
1427388426505 0.08838450000000003 -0.5431209900927877
1427388426577 0.08838450000000003 -0.5431209900927877
1427388426702 0.08881325000000007 -0.5452132336777376
1427388426778 0.08881325000000007 -0.5452132336777376
1427388426853 0.08949925000000003 -0.54854980694481
1427388427031 0.09121425000000005 -0.5568319738902726
1427388427109 0.09138575000000004 -0.5576555382808767
1427388427180 0.09138575000000004 -0.5576555382808767
1427388427254 0.08967075000000002 -0.5493818325118979
1427388427358 0.09009950000000005 -0.5514581918925183
1427388427432 0.08709825000000004 -0.5368124615621306
1427388427504 0.08881325000000007 -0.5452132336777376
1427388427579 0.08907050000000005 -0.5464660372556129
1427388427664 0.08907050000000005 -0.5464660372556129
1427388427736 0.08907050000000005 -0.5464660372556129
1427388427813 0.08907050000000005 -0.5464660372556129
1427388427893 0.09310075000000007 -0.56584472999903
1427388428021 0.09138575000000004 -0.5576555382808767
1427388428099 0.09138575000000004 -0.5576555382808767
1427388428170 0.09138575000000004 -0.5576555382808767
1427388428243 0.09138575000000004 -0.5576555382808767
1427388428314 0.09138575000000004 -0.5576555382808767
1427388428391 0.09052825000000003 -0.5535292609570645
1427388428469 0.09078550000000007 -0.554769364074488
1427388428535 0.09078550000000007 -0.554769364074488
1427388428606 0.09438700000000005 -0.5719312842909958
1427388428682 0.09438700000000005 -0.5719312842909958
1427388428909 0.09481575000000003 -0.5739496144173151
1427388428986 0.09310075000000007 -0.56584472999903
1427388429055 0.09310075000000007 -0.56584472999903
1427388429142 0.09310075000000007 -0.56584472999903
1427388429207 0.09310075000000007 -0.56584472999903
1427388429280 0.09352950000000004 -0.567878845941651
1427388429353 0.09352950000000004 -0.567878845941651
1427388429427 0.09207175000000006 -0.5609413459960129
1427388429499 0.09250050000000004 -0.562988114301126
1427388429623 0.09610200000000002 -0.5799730980899434
1427388429693 0.09610200000000002 -0.5799730980899434
1427388429769 0.09610200000000002 -0.5799730980899434
1427388429841 0.09610200000000002 -0.5799730980899434
1427388429921 0.09481575000000003 -0.5739496144173151
1427388429994 0.09481575000000003 -0.5739496144173151
1427388430118 0.09481575000000003 -0.5739496144173151
1427388430198 0.09481575000000003 -0.5739496144173151
1427388430269 0.09481575000000003 -0.5739496144173151
1427388430344 0.09352950000000004 -0.567878845941651
1427388430450 0.09781700000000004 -0.5879310616741541
1427388430523 0.09764550000000005 -0.5871390299520787
1427388430605 0.09764550000000005 -0.5871390299520787
1427388430681 0.09764550000000005 -0.5871390299520787
1427388430754 0.09764550000000005 -0.5871390299520787
1427388430833 0.09764550000000005 -0.5871390299520787
1427388430902 0.09764550000000005 -0.5871390299520787
1427388430974 0.09764550000000005 -0.5871390299520787
1427388431053 0.09481575000000003 -0.5739496144173151
1427388431170 0.09481575000000003 -0.5739496144173151
1427388431241 0.09507300000000007 -0.5751580903214397
1427388431313 0.09524450000000007 -0.5759626905772418
1427388431386 0.09550175000000005 -0.5771680161254402
1427388431462 0.09378675000000003 -0.5690967876974387
1427388431550 0.09378675000000003 -0.5690967876974387
1427388431623 0.09781700000000004 -0.5879310616741541
1427388431739 0.09764550000000005 -0.5871390299520787
1427388431811 0.09781700000000004 -0.5879310616741541
1427388431891 0.09781700000000004 -0.5879310616741541
1427388431965 0.09781700000000004 -0.5879310616741541
1427388432043 0.09653075000000005 -0.5819704383550065
1427388432139 0.09653075000000005 -0.5819704383550065
1427388432214 0.09653075000000005 -0.5819704383550065
1427388432285 0.09653075000000005 -0.5819704383550065
1427388432358 0.09653075000000005 -0.5819704383550065
1427388432436 0.09550175000000005 -0.5771680161254402
1427388432547 0.09781700000000004 -0.5879310616741541
1427388432620 0.09781700000000004 -0.5879310616741541
1427388432694 0.09781700000000004 -0.5879310616741541
1427388432772 0.09781700000000004 -0.5879310616741541
1427388432846 0.09764550000000005 -0.5871390299520787
1427388433019 0.09781700000000004 -0.5879310616741541
1427388433091 0.09781700000000004 -0.5879310616741541
1427388433164 0.09267200000000003 -0.5638053446545369
1427388433236 0.09524450000000007 -0.5759626905772418
1427388433310 0.09678800000000004 -0.5831663288592631
1427388433382 0.09695950000000003 -0.5839625424745978
1427388433454 0.09567325000000004 -0.5779705170069718
1427388433527 0.09567325000000004 -0.5779705170069718
1427388433600 0.10090400000000005 -0.602045113056294
1427388433714 0.09721675000000007 -0.5851552935933929
1427388433789 0.09781700000000004 -0.5879310616741541
1427388433860 0.09978925000000005 -0.5969794671790005
1427388433933 0.09978925000000005 -0.5969794671790005
1427388434006 0.09978925000000005 -0.5969794671790005
1427388434079 0.09978925000000005 -0.5969794671790005
1427388434161 0.09781700000000004 -0.5879310616741541
1427388434265 0.09824575000000002 -0.589907486800614
1427388434341 0.1027905 -0.6105380202054748
1427388434413 0.09738825000000007 -0.5859494152629243
1427388434488 0.10261900000000002 -0.609770068220731
1427388434560 0.16110050000000004 -0.29941921120386306
1427388434637 0.17301975000000003 -0.22534486887312005
1427388434708 0.17147625000000002 -0.21554696803170542
1427388434780 0.17147625000000002 -0.21554696803170542
1427388434901 0.17190500000000003 -0.21827291104358013
1427388434972 0.17576375 -0.19362510836681512
1427388435044 0.18005125 -0.16595775731079723
1427388435116 0.18048000000000003 -0.1631761398083979
1427388435190 0.18476750000000003 -0.13522633582169394
1427388435262 0.18476750000000003 -0.13522633582169394
1427388435336 0.18476750000000003 -0.13522633582169394
1427388435408 0.18476750000000003 -0.13522633582169394
1427388435483 0.18373850000000003 -0.12848494044782674
1427388435556 0.18605375000000002 -0.14363565425918048
1427388435669 0.18605375000000002 -0.14363565425918048
1427388435742 0.18605375000000002 -0.14363565425918048
1427388435814 0.18605375000000002 -0.14363565425918048
1427388435887 0.18433875000000002 -0.13241888803016247
1427388435962 0.18373850000000003 -0.1363487172099849
1427388436039 0.18416725 -0.13915315300231673
1427388436111 0.184596 -0.14195538745132402
1427388436227 0.18270950000000002 -0.12960933899723043
1427388436301 0.18330975000000005 -0.12567252035387758
1427388436376 0.18776875000000004 -0.15481614579087516
1427388436450 0.18776875000000004 -0.15481614579087516
1427388436523 0.18776875000000004 -0.15481614579087516
1427388436638 0.18605375000000002 -0.14363565425918048
1427388436714 0.18605375000000002 -0.14363565425918048
1427388436788 0.18648250000000002 -0.14643428060385005
1427388436860 0.18648250000000002 -0.14643428060385005
1427388436932 0.18545350000000002 -0.1397137773262426
1427388437049 0.18905500000000003 -0.16317613980839799
1427388437126 0.18605375000000002 -0.1825917156885673
1427388437207 0.18673975000000004 -0.17816558354227494
1427388437280 0.19077000000000002 -0.15202456708329923
1427388437352 0.19077000000000002 -0.15202456708329923
1427388437424 0.19077000000000002 -0.15202456708329923
1427388437497 0.18905500000000003 -0.16317613980839799
1427388437572 0.18974100000000002 -0.15872026411036683
1427388437654 0.18699700000000002 -0.14083476048493102
1427388437726 0.18253800000000003 -0.1115812723680441
1427388437798 0.19145600000000002 -0.1698476625163411
1427388437906 0.19128450000000002 -0.1687367852310812
1427388437980 0.18785450000000004 -0.1464342806038501
1427388438051 0.18974100000000002 -0.15872026411036683
1427388438124 0.19016975000000003 -0.16150594272295038
1427388438196 0.19016975000000003 -0.16150594272295038
1427388438274 0.18991250000000004 -0.16317613980839807
1427388438347 0.18991250000000004 -0.16317613980839807
1427388438423 0.18948375000000003 -0.16595775731079734
1427388438490 0.18948375000000003 -0.16595775731079734
1427388438567 0.19231350000000003 -0.1842496614210094
1427388438693 0.19248500000000002 -0.18535439023949002
1427388438777 0.19248500000000002 -0.18535439023949002
1427388438841 0.19145600000000002 -0.1919730719108121
1427388438918 0.19016975 -0.18369712620849696
1427388438992 0.19016975 -0.18369712620849696
1427388439087 0.18845475 -0.17262299913487356
1427388439163 0.19034125000000002 -0.16039197220713547
1427388439240 0.194886 -0.1897687066103948
1427388439380 0.19334250000000003 -0.1798262196571755
1427388439453 0.19334250000000003 -0.1798262196571755
1427388439525 0.18819750000000002 -0.1464342806038501
1427388439604 0.18519625 -0.1659577573107974
1427388439676 0.189055 -0.19087112398947725
1427388439858 0.18776875000000004 -0.18259171568856739
1427388439930 0.19205625 -0.210085343529733
1427388440010 0.19420000000000004 -0.19637612162516876
1427388440086 0.19420000000000004 -0.19637612162516876
1427388440157 0.19248500000000002 -0.18535439023949002
1427388440264 0.19291375000000002 -0.18811420551923064
1427388440335 0.19291375000000002 -0.18811420551923064
1427388440408 0.19188475000000005 -0.1814858537289641
1427388440482 0.1916275 -0.1798262196571755
1427388440553 0.19531475000000004 -0.20351458817774257
1427388440626 0.19188475000000005 -0.1814858537289641
1427388440705 0.19420000000000004 -0.19637612162516876
1427388440773 0.19420000000000004 -0.19637612162516876
1427388440848 0.19548625000000003 -0.18811420551923064
1427388440921 0.19248500000000002 -0.207349732086363
1427388440993 0.194886 -0.1919730719108121
1427388441064 0.19462875000000002 -0.1936251083668152
1427388441136 0.19377125 -0.19912412699819035
1427388441209 0.199002 -0.16540163971676625
1427388441283 0.19728700000000002 -0.17650395364384133
1427388441360 0.199002 -0.18756247301047105
1427388441476 0.199002 -0.18756247301047105
1427388441549 0.199002 -0.18756247301047105
1427388441620 0.19728700000000002 -0.17650395364384133
1427388441693 0.19771575000000002 -0.1792727852164426
1427388441764 0.19814450000000003 -0.18203884098700993
1427388441840 0.19377125000000003 -0.210085343529733
1427388441911 0.19334250000000003 -0.21281776723179147
1427388441986 0.19591500000000003 -0.22914341722357578
1427388442059 0.19591500000000003 -0.22914341722357578
1427388442174 0.19420000000000004 -0.21827291104358032
1427388442246 0.19462875000000002 -0.220995561658414
1427388442319 0.19317100000000004 -0.21172518253635603
1427388442392 0.19359975000000001 -0.21445567669887608
1427388442468 0.19857325000000003 -0.18259171568856722
1427388442541 0.20260350000000005 -0.2084443569309975
1427388442620 0.20260350000000005 -0.2084443569309975
1427388442690 0.20088850000000003 -0.19747568677075228
1427388442762 0.20131725 -0.20022247875368837
1427388442867 0.19985950000000002 -0.19087112398947725
1427388442940 0.20388975000000004 -0.21663773811534726
1427388443013 0.19934500000000002 -0.2453456882539589
1427388443084 0.19934500000000002 -0.2453456882539589
1427388443156 0.20148875000000002 -0.2318525577634598
1427388443231 0.19977375000000003 -0.22099556165841389
1427388443335 0.19291375000000002 -0.17705794018588203
1427388443410 0.1916275 -0.1853543902394901
1427388443486 0.18991250000000004 -0.17428691556250644
1427388443607 0.1820235 -0.12285810024558447
1427388443679 0.18819750000000002 -0.16317613980839807
1427388443757 0.19188475000000005 -0.13915315300231684
1427388443830 0.19188475000000005 -0.13915315300231684
1427388443903 0.18648250000000002 -0.17428691556250656
1427388443974 0.18648250000000002 -0.17428691556250656
1427388444048 0.10424824999999999 0.3562740937232935
1427388444123 0.10424824999999999 0.3562740937232935
1427388444193 0.10424824999999999 0.3562740937232935
1427388444288 0.10424824999999999 0.3562740937232935
1427388444360 0.10424824999999999 0.3562740937232935
1427388444434 0.10493425 0.3602850597486335
1427388444506 0.10493425 0.3602850597486335
1427388444581 0.10493425 0.3602850597486335
1427388444674 0.10493425 0.3602850597486335
1427388444746 0.13143100000000002 0.19747568677075222
1427388444820 0.12800100000000003 0.21936236830591546
1427388444895 0.13614725 0.2704645508127666
1427388444967 0.12902999999999998 0.22588792652166084
1427388445045 0.12902999999999998 0.22588792652166084
1427388445144 0.12902999999999998 0.22588792652166084
1427388445220 0.13271725 0.24910770629250326
1427388445292 0.133146 0.25179046686373696
1427388445373 0.14275000000000004 0.19087112398947725
1427388445442 0.13700475 0.2275162853101939
1427388445517 0.13700475 0.2275162853101939
1427388445630 0.13700475 0.2275162853101939
1427388445711 0.13957725000000004 0.24373121604022022
1427388445785 0.14000600000000002 0.24642127890749785
1427388445865 0.15346875000000001 0.16039197220713536
1427388445938 0.1538975 0.15760529422082298
1427388446011 0.14840950000000003 0.1930745479997569
1427388446083 0.13134524999999997 0.29994105615239
1427388446155 0.13134524999999997 0.29994105615239
1427388446273 0.14943850000000003 0.18645866157175459
1427388446341 0.1477235 0.1753956523694796
1427388446417 0.1477235 0.1753956523694796
1427388446491 0.14172100000000004 0.21390983625980445
1427388446563 0.13091650000000005 0.2815777690437915
1427388446635 0.15046750000000003 0.1576052942208229
1427388446708 0.14600850000000004 0.18645866157175447
1427388446862 0.15861375000000005 0.10423584076259974
1427388446935 0.15861375000000005 0.10423584076259974
1427388447009 0.15732750000000004 0.09574634266233789
1427388447081 0.161615 0.12398410557486277
1427388447154 0.15243975000000004 0.06337003720027817
1427388447226 0.15243975000000004 0.06337003720027817
1427388447298 0.16204375000000004 0.12679773076685344
1427388447372 0.15243975000000004 0.189217322618076
1427388447479 0.15475500000000003 0.17428691556250644
1427388447551 0.15818500000000002 0.15202456708329914
1427388447623 0.161615 0.12960933899723034
1427388447697 0.15818500000000002 0.10706238671538053
1427388447776 0.15389750000000002 0.13522633582169413
1427388447849 0.15518375 0.12679773076685363
1427388447948 0.15689875000000003 0.11553155339138506
1427388448021 0.15732750000000006 0.1127102864245886
1427388448094 0.16075750000000005 0.13522633582169394
1427388448167 0.16075750000000005 0.13522633582169394
1427388448240 0.16015725000000003 0.13915315300231684
1427388448351 0.16333000000000003 0.11835097418756534
1427388448423 0.15904250000000003 0.1464342806038501
1427388448498 0.16075750000000005 0.13522633582169394
1427388448571 0.16075750000000005 0.13522633582169394
1427388448642 0.16204375000000004 0.12679773076685344
1427388448724 0.15775625000000004 0.09857777485945955
1427388448800 0.15775625000000004 0.09857777485945955
1427388448899 0.15904250000000003 0.09007890029759565
1427388448971 0.15346875000000004 0.12679773076685344
1427388449047 0.15475500000000003 0.11835097418756534
1427388449118 0.15904250000000003 0.1464342806038501
1427388449190 0.15861375 0.14923059848563539
1427388449307 0.16032875000000002 0.13803164052322212
1427388449385 0.16075750000000005 0.14083476048493102
1427388449458 0.15904250000000003 0.12960933899723026
1427388449532 0.16032875000000002 0.12116850584544256
1427388449642 0.154755 0.15760529422082298
1427388449715 0.15432625 0.16039197220713555
1427388449789 0.15261124999999998 0.14923059848563539
1427388449859 0.151325 0.14083476048493118
1427388449937 0.1573275 0.17982621965717577
1427388450006 0.15235400000000004 0.21172518253635592
1427388450079 0.15235400000000004 0.21172518253635592
1427388450151 0.15364025000000003 0.20351458817774265
1427388450224 0.15364025000000003 0.20351458817774265
1427388450296 0.15561250000000004 0.19087112398947725
1427388450369 0.15364025000000003 0.20351458817774265
1427388450442 0.15364025000000003 0.20351458817774265
1427388450543 0.15063900000000002 0.22262755738371434
1427388450617 0.15021025000000002 0.22534486887312022
1427388450689 0.15021025000000002 0.22534486887312022
1427388450761 0.15063900000000002 0.22805879929142142
1427388450836 0.14935275000000003 0.21990689870352548
1427388450905 0.14232125 0.17484133825329265
1427388450978 0.15149650000000003 0.23347638281252234
1427388451055 0.1446365 0.27629448841594545
1427388451128 0.14249275000000006 0.28947243605053685
1427388451227 0.13906275 0.3103423273972799
1427388451304 0.14077775000000003 0.32067466910674
1427388451376 0.1394915 0.3129319349624131
1427388451448 0.14420775000000002 0.34112663984041974
1427388451526 0.14420775000000002 0.34112663984041974
1427388451598 0.14420775000000002 0.34112663984041974
1427388451670 0.14420775000000002 0.34112663984041974
1427388451743 0.14420775000000002 0.34112663984041974
1427388451915 0.14420775000000002 0.34112663984041974
1427388451993 0.14335025 0.33604067727046605
1427388452066 0.1412065 0.3232468066496212
1427388452139 0.1412065 0.3232468066496212
1427388452215 0.1412065 0.3232468066496212
1427388452290 0.1412065 0.3232468066496212
1427388452424 0.1412065 0.3232468066496212
1427388452552 0.1412065 0.3232468066496212
1427388452624 0.14146375 0.3247879666289167
1427388452697 0.13992025000000002 0.31551721012247175
1427388452769 0.13992025000000002 0.31551721012247175
1427388452841 0.14592275 0.3512435058896595
1427388452913 0.13871975000000003 0.3082675380770705
1427388452986 0.14506525000000003 0.3461943028094861
1427388453059 0.14335025 0.33604067727046605
1427388453144 0.14335025 0.33604067727046605
1427388453207 0.14335025 0.33604067727046605
1427388453307 0.14335025 0.33604067727046605
1427388453379 0.14335025 0.33604067727046605
1427388453453 0.14335025 0.33604067727046605
1427388453528 0.13528975000000004 0.2873707748717476
1427388453600 0.13400350000000005 0.27946637634124805
1427388453678 0.13400350000000005 0.27946637634124805
1427388453750 0.13400350000000005 0.27946637634124805
1427388453823 0.13400350000000005 0.27946637634124805
1427388453894 0.13400350000000005 0.27946637634124805
1427388453991 0.13400350000000005 0.27946637634124805
1427388454113 0.13400350000000005 0.27946637634124805
1427388454185 0.13400350000000005 0.27946637634124805
1427388454257 0.13400350000000005 0.27946637634124805
1427388454330 0.13400350000000005 0.27946637634124805
1427388454401 0.13400350000000005 0.27946637634124805
1427388454474 0.13400350000000005 0.27946637634124805
1427388454548 0.14386474999999999 0.33909444162237684
1427388454619 0.14197825000000003 0.3278654882700053
1427388454693 0.14197825000000003 0.3278654882700053
1427388454765 0.14197825000000003 0.3278654882700053
1427388454838 0.14197825000000003 0.3278654882700053
1427388454949 0.14197825000000003 0.3278654882700053
1427388455021 0.14197825000000003 0.3278654882700053
1427388455094 0.14197825000000003 0.3278654882700053
1427388455166 0.14197825000000003 0.3278654882700053
1427388455238 0.14197825000000003 0.3278654882700053
1427388455310 0.14197825000000003 0.3278654882700053
1427388564896 0.08709825000000004 -0.16150594272295038
1427388564965 0.08761275000000002 -0.1648454188538279
1427388565042 0.08709825000000004 -0.16150594272295038
1427388565108 0.08709825000000004 -0.16150594272295038
1427388565183 0.08709825000000004 -0.16150594272295038
1427388565256 0.08709825000000004 -0.16150594272295038
1427388565329 0.08709825000000004 -0.16150594272295038
1427388565446 0.08709825000000004 -0.16150594272295038
1427388565518 0.08709825000000004 -0.16150594272295038
1427388565589 0.08709825000000004 -0.16150594272295038
1427388565661 0.08718400000000004 -0.16206277656091603
1427388565734 0.08718400000000004 -0.16206277656091603
1427388565807 0.08718400000000004 -0.16206277656091603
1427388565882 0.08718400000000004 -0.16206277656091603
1427388566004 0.08718400000000004 -0.16206277656091603
1427388566078 0.08709825000000004 -0.16150594272295038
1427388566179 0.08718400000000004 -0.16206277656091603
1427388566251 0.08709825000000004 -0.16150594272295038
1427388566373 0.08709825000000004 -0.16150594272295038
1427388566445 0.08709825000000004 -0.16150594272295038
1427388566517 0.08709825000000004 -0.16150594272295038
1427388566589 0.08718400000000004 -0.16206277656091603
1427388566664 0.08718400000000004 -0.16206277656091603
1427388566737 0.08718400000000004 -0.16206277656091603
1427388566808 0.08718400000000004 -0.16206277656091603
1427388566882 0.08718400000000004 -0.16206277656091603
1427388566957 0.08624075000000003 -0.15593209905046151
1427388624681 0.21700950000000005 -0.0753172589597222
1427388624752 0.21606625000000002 -0.06906165996504057
1427388624825 0.21606625000000002 -0.06906165996504057
1427388624897 0.21606625000000002 -0.06906165996504057
1427388624970 0.21606625000000002 -0.06906165996504057
1427388625047 0.21435125000000005 -0.05767430031340429
1427388625121 0.21435125000000005 -0.05767430031340429
1427388625191 0.21435125000000005 -0.05767430031340429
1427388625262 0.21400825000000004 -0.05539493541939298
1427388625334 0.21435125000000005 -0.05767430031340429
1427388625427 0.21435125000000005 -0.05767430031340429
1427388625499 0.21435125000000005 -0.05767430031340429
1427388691953 0.09918899999999997 -0.010289636840608426
1427388692025 0.11479550000000005 -0.11383901199457423
1427388692099 0.09412975000000001 0.0234340427552722
1427388743180 0.08975650000000002 -0.04341936075711013
1427388743254 0.08975650000000002 -0.04341936075711013
1427388743326 0.08975650000000002 -0.04341936075711013
1427388743399 0.08975650000000002 -0.04341936075711013
1427388743476 0.09507300000000002 -0.07872694765619304
1427388743548 0.09550175000000005 -0.08156695772194075
1427388743623 0.09550175000000005 -0.08156695772194075
1427388743694 0.09550175000000005 -0.08156695772194075
1427388743767 0.09550175000000005 -0.08156695772194075
1427388743843 0.09550175000000005 -0.08156695772194075
1427388743915 0.09550175000000005 -0.08156695772194075
1427388744037 0.09550175000000005 -0.08156695772194075
1427388744109 0.09550175000000005 -0.08156695772194075
1427388744204 0.09550175000000005 -0.08156695772194075
1427388744279 0.09550175000000005 -0.08156695772194075
1427388744352 0.09550175000000005 -0.08156695772194075
1427388744425 0.09550175000000005 -0.08156695772194075
1427388744497 0.09550175000000005 -0.08156695772194075
1427388744570 0.09550175000000005 -0.08156695772194075
1427388744642 0.09550175000000005 -0.08156695772194075
1427388744714 0.09550175000000005 -0.08156695772194075
1427388744788 0.09550175000000005 -0.08156695772194075
1427388744894 0.09190025000000002 -0.05767430031340429
1427388744971 0.09190025000000002 -0.05767430031340429
1427388745044 0.09490150000000003 -0.07759058462326512
1427388745118 0.09618775000000002 -0.08610821355283632
1427388745189 0.09618775000000002 -0.08610821355283632
1427388745262 0.09618775000000002 -0.08610821355283632
1427388745333 0.0966165 -0.08894470344968024
1427388745405 0.09567325000000004 -0.08270259519398909
1427388745477 0.09447275 -0.07474880473133352
1427388745550 0.09490150000000003 -0.07759058462326512
1427388745621 0.09490150000000003 -0.07759058462326512
1427388745697 0.09490150000000003 -0.07759058462326512
1427388745770 0.10021800000000003 -0.11271028642458869
1427388745865 0.09533025 -0.08043110935367559
1427388745941 0.09533025 -0.08043110935367559
1427388746013 0.09533025 -0.08043110935367559
1427388746085 0.09533025 -0.08043110935367559
1427388746160 0.09533025 -0.08043110935367559
1427388746232 0.09533025 -0.08043110935367559
1427388746304 0.09533025 -0.08043110935367559
1427388746377 0.09533025 -0.08043110935367559
1427388746448 0.09533025 -0.08043110935367559
1427388746521 0.09533025 -0.08043110935367559
1427388746593 0.09533025 -0.08043110935367559
1427388746666 0.09533025 -0.08043110935367559
1427388746738 0.09533025 -0.08043110935367559
1427388746812 0.145494 -0.393395753593302
1427388746966 0.14720900000000003 -0.40310945074578275
1427388747038 0.14720900000000003 -0.40310945074578275
1427388747113 0.14720900000000003 -0.40310945074578275
1427388747186 0.14720900000000003 -0.40310945074578275
1427388747261 0.14746625000000002 -0.4045596413227556
1427388747335 0.14918125000000004 -0.41418148172417846
1427388747407 0.14918125000000004 -0.41418148172417846
1427388747506 0.14892400000000006 -0.4127433329864394
1427388747577 0.14892400000000006 -0.4127433329864394
1427388747653 0.14892400000000006 -0.4127433329864394
1427388747734 0.14892400000000006 -0.4127433329864394
1427388747806 0.14892400000000006 -0.4127433329864394
1427388747880 0.14720900000000003 -0.40310945074578275
1427388747953 0.14720900000000003 -0.40310945074578275
1427388748024 0.14720900000000003 -0.40310945074578275
1427388748095 0.14720900000000003 -0.40310945074578275
1427388748171 0.14720900000000003 -0.40310945074578275
1427388748244 0.14720900000000003 -0.40310945074578275
1427388748316 0.14720900000000003 -0.40310945074578275
1427388748388 0.14720900000000003 -0.40310945074578275
1427388748459 0.14720900000000003 -0.40310945074578275
1427388748533 0.14720900000000003 -0.40310945074578275
1427388748606 0.147895 -0.4069726270987374
1427388748680 0.14763775 -0.40552543591606016
1427388748753 0.14763775 -0.40552543591606016
1427388748846 0.14763775 -0.40552543591606016
1427388748918 0.14720900000000003 -0.40310945074578275
1427388748992 0.14720900000000003 -0.40310945074578275
1427388749065 0.14720900000000003 -0.40310945074578275
1427388749136 0.14720900000000003 -0.40310945074578275
1427388749209 0.14720900000000003 -0.40310945074578275
1427388749283 0.14720900000000003 -0.40310945074578275
1427388749356 0.14720900000000003 -0.40310945074578275
1427388749430 0.14720900000000003 -0.40310945074578275
1427388749503 0.14720900000000003 -0.40310945074578275
1427388749576 0.14720900000000003 -0.40310945074578275
1427388749651 0.14720900000000003 -0.40310945074578275
1427388749723 0.14720900000000003 -0.40310945074578275
1427388749794 0.14720900000000003 -0.40310945074578275
1427388749868 0.14720900000000003 -0.40310945074578275
1427388749941 0.14720900000000003 -0.40310945074578275
1427388750015 0.145494 -0.393395753593302
1427388750087 0.145494 -0.393395753593302
1427388750159 0.14592275 -0.3958316147780179
1427388750233 0.14592275 -0.3958316147780179
1427388750305 0.14592275 -0.3958316147780179
1427388750380 0.14592275 -0.3958316147780179
1427388750454 0.14592275 -0.3958316147780179
1427388750550 0.14592275 -0.3958316147780179
1427388750625 0.13820525000000006 -0.43881879933130036
1427388750697 0.14249275000000006 -0.4151392387168215
1427388750770 0.14678025000000006 -0.43881879933130036
1427388750863 0.14678025000000006 -0.43881879933130036
1427388750937 0.15021025000000002 -0.4199158903346778
1427388751012 0.15321150000000003 -0.40310945074578264
1427388751085 0.15321150000000003 -0.40310945074578264
1427388751160 0.15304000000000004 -0.4021416590949451
1427388751264 0.15304000000000004 -0.4021416590949451
1427388751335 0.15304000000000004 -0.4021416590949451
1427388751408 0.15304000000000004 -0.4021416590949451
1427388751481 0.15304000000000004 -0.4021416590949451
1427388751554 0.14832375000000003 -0.428462682656377
1427388751626 0.14832375000000003 -0.428462682656377
1427388751699 0.14832375000000003 -0.428462682656377
1427388751773 0.14832375000000003 -0.428462682656377
1427388751845 0.14703750000000004 -0.4355344500404873
1427388751917 0.14575125 -0.4425599796299513
1427388751988 0.15003875000000003 -0.4189621801833643
1427388752063 0.14832375000000003 -0.428462682656377
1427388752135 0.15304000000000004 -0.4021416590949451
1427388752207 0.15389750000000002 -0.3972907568783679
1427388752281 0.15235400000000002 -0.38850924019271565
1427388752425 0.15235400000000002 -0.38850924019271565
1427388752499 0.15235400000000002 -0.38850924019271565
1427388752571 0.15818500000000002 -0.3547668810203869
1427388752643 0.1573275 -0.3597843483747818
1427388752716 0.15561250000000001 -0.369762536660252
1427388752790 0.15441200000000002 -0.3767017636039451
1427388752867 0.15818500000000002 -0.3547668810203869
1427388752941 0.15501225000000002 -0.33604067727046605
1427388753036 0.15844225 -0.3562740937232935
1427388753115 0.16187225000000005 -0.33604067727046594
1427388753188 0.16204375000000004 -0.3370593258926236
1427388753260 0.16204375000000004 -0.3370593258926236
1427388753336 0.16032875000000002 -0.32684036024407137
1427388753408 0.16032875000000002 -0.32684036024407137
1427388753531 0.16032875000000002 -0.32684036024407137
1427388753602 0.16032875000000002 -0.32684036024407137
1427388753677 0.16032875000000002 -0.32684036024407137
1427388753746 0.16032875000000002 -0.32684036024407137
1427388753856 0.16075750000000005 -0.3294018403654891
1427388753928 0.16075750000000005 -0.3294018403654891
1427388754000 0.16075750000000005 -0.3294018403654891
1427388754072 0.16075750000000005 -0.3294018403654891
1427388754144 0.16075750000000005 -0.3294018403654891
1427388754216 0.16444475000000003 -0.35124350588965947
1427388754294 0.16444475000000003 -0.35124350588965947
1427388754360 0.1648735 -0.3537611362300422
1427388754433 0.1648735 -0.3537611362300422
1427388754504 0.1648735 -0.3537611362300422
1427388754579 0.1648735 -0.3537611362300422
1427388754652 0.1648735 -0.3537611362300422
1427388754726 0.1648735 -0.3537611362300422
1427388754796 0.16333000000000003 -0.3446759350094883
1427388754868 0.16333000000000003 -0.3446759350094883
1427388754966 0.16333000000000003 -0.3446759350094883
1427388755087 0.16333000000000003 -0.3446759350094883
1427388755160 0.16315850000000004 -0.34366276890881853
1427388755232 0.16315850000000004 -0.34366276890881853
1427388755306 0.16315850000000004 -0.34366276890881853
1427388755386 0.15972850000000005 -0.32324680664962113
1427388755458 0.15972850000000005 -0.32324680664962113
1427388755531 0.16015725000000003 -0.32581451922463184
1427388755602 0.16015725000000003 -0.32581451922463184
1427388755674 0.16375875 -0.3472056252589643
1427388755748 0.16375875 -0.3472056252589643
1427388755820 0.154069 -0.40310945074578275
1427388755891 0.15364025000000003 -0.40552543591606005
1427388755967 0.14763775 -0.4388187993313004
1427388756042 0.14763775 -0.4388187993313004
1427388756116 0.15158225000000003 -0.4170523281973201
1427388756191 0.15784199999999998 -0.3816351770713523
1427388756268 0.15775625 -0.3821274502939638
1427388756344 0.15604125000000002 -0.3722451592397181
1427388756452 0.15604125000000002 -0.3722451592397181
1427388756525 0.15286850000000002 -0.3904662071293969
1427388756597 0.14643725000000002 -0.426569101166197
1427388756670 0.14643725000000002 -0.426569101166197
1427388756745 0.14643725000000002 -0.426569101166197
1427388756816 0.14515100000000003 -0.41943913665255017
1427388756889 0.14943850000000003 -0.4430266983876733
1427388756961 0.14943850000000003 -0.4430266983876733
1427388757035 0.14943850000000003 -0.4430266983876733
1427388757111 0.14943850000000003 -0.4430266983876733
1427388757235 0.14943850000000003 -0.4430266983876733
1427388757306 0.14926699999999998 -0.44209305431992896
1427388757380 0.14926699999999998 -0.44209305431992896
1427388757451 0.14926699999999998 -0.44209305431992896
1427388757524 0.14926699999999998 -0.44209305431992896
1427388757596 0.14926699999999998 -0.44209305431992896
1427388757668 0.145837 -0.423247480795521
1427388757740 0.145837 -0.423247480795521
1427388757814 0.19274225 -0.13690977848349214
1427388757888 0.193171 -0.13410361153677627
1427388757962 0.19325675000000003 -0.13354212164367799
1427388758032 0.19943075000000002 -0.09291336972443445
1427388758104 0.19943075000000002 -0.09291336972443445
1427388758179 0.19943075000000002 -0.09291336972443445
1427388758250 0.19454300000000002 -0.12510979497608274
1427388758322 0.20543325 -0.05311499418193932
1427388758394 0.20543325 -0.05311499418193932
1427388758466 0.20543325 -0.05311499418193932
1427388758538 0.20543325 -0.05311499418193932
1427388758611 0.2056905 -0.05140467415966296
1427388758688 0.20629075000000002 -0.055394935419393165
1427388758782 0.20671950000000003 -0.05824404873355024
1427388758856 0.20671950000000003 -0.05824404873355024
1427388758928 0.20646225000000004 -0.059953065406809156
1427388759001 0.20646225000000004 -0.059953065406809156
1427388759075 0.20603350000000004 -0.06280064262886545
1427388759149 0.20457575000000003 -0.0724745074023002
1427388759220 0.20200325000000002 -0.08951183073782668
1427388759294 0.20243200000000006 -0.08667562413768665
1427388759368 0.20388975000000004 -0.0770223276164304
1427388759441 0.20414700000000002 -0.07531725895972238
1427388759514 0.2067195 -0.09234659413958124
1427388759586 0.2067195 -0.09234659413958124
1427388759660 0.20714825 -0.09517986992005138
1427388759755 0.20714825 -0.09517986992005138
1427388759828 0.20714825 -0.09517986992005138
1427388759899 0.20543325 -0.08383801890017441
1427388759971 0.20543325 -0.08383801890017441
1427388760047 0.20543325 -0.08383801890017441
1427388760121 0.205862 -0.08667562413768665
1427388760193 0.205862 -0.08667562413768665
1427388760266 0.20954925000000002 -0.11101665802237108
1427388760337 0.20954925000000002 -0.11101665802237108
1427388760411 0.20954925000000002 -0.11101665802237108
1427388760484 0.21040675000000003 -0.10536666230304927
1427388760557 0.21057825000000002 -0.10423584076259965
1427388760629 0.21057825000000002 -0.10423584076259965
1427388760703 0.21057825000000002 -0.10423584076259965
1427388760774 0.20886325 -0.11553155339138506
1427388760848 0.20843450000000002 -0.11835097418756534
1427388760921 0.20869175 -0.11665954566045544
1427388760992 0.21057825000000002 -0.10423584076259965
1427388761066 0.21057825000000002 -0.10423584076259965
1427388761139 0.21014950000000002 -0.10706238671538043
1427388761211 0.21040675000000003 -0.10536666230304927
1427388761300 0.21014950000000002 -0.10706238671538043
1427388761374 0.20800575000000002 -0.09291336972443445
1427388761446 0.20671950000000003 -0.08440564969520098
1427388761518 0.20646225 -0.08270259519398909
1427388761590 0.20646225 -0.08270259519398909
1427388761662 0.21032100000000004 -0.10819252698789456
1427388761736 0.20671950000000003 -0.08440564969520098
1427388761810 0.21057825000000002 -0.109887216428706
1427388761884 0.21057825000000002 -0.109887216428706
1427388761960 0.20903475000000002 -0.09970990644636159
1427388762035 0.20903475000000002 -0.09970990644636159
1427388762181 0.20946350000000002 -0.1025391075438042
1427388762253 0.20603350000000004 -0.12510979497608274
1427388762337 0.20629075000000002 -0.12679773076685344
1427388762408 0.20431850000000001 -0.11383901199457395
1427388762531 0.20860600000000004 -0.14195538745132402
1427388762605 0.20903475000000005 -0.13915315300231684
1427388762683 0.20886325000000003 -0.1380316405232222
1427388762752 0.20543325 -0.11553155339138506
1427388762858 0.20774850000000003 -0.13073340807289374
1427388762931 0.20774850000000003 -0.13073340807289374
1427388763003 0.207577 -0.12960933899723034
1427388763075 0.20774850000000003 -0.13073340807289374
1427388763146 0.20774850000000003 -0.13073340807289374
1427388763219 0.20603350000000004 -0.11947821594757732
1427388763290 0.20603350000000004 -0.11947821594757732
1427388763363 0.20474725000000002 -0.12792261846386158
1427388763435 0.21032100000000004 -0.09121286480889199
1427388763509 0.21486575000000002 -0.12116850584544256
1427388763581 0.21486575000000002 -0.12116850584544256
1427388763655 0.20946350000000002 -0.08554074737920163
1427388763726 0.21332225000000005 -0.11101665802237108
1427388763798 0.21375100000000002 -0.11383901199457415
1427388763870 0.20972075 -0.087242978776613
1427388763974 0.21203600000000003 -0.1025391075438042
1427388764046 0.21203600000000003 -0.1025391075438042
1427388764168 0.21203600000000003 -0.1025391075438042
1427388764242 0.21272200000000002 -0.10706238671538043
1427388764313 0.20972075 -0.12679773076685352
1427388764388 0.20972075 -0.12679773076685352
1427388764458 0.20972075 -0.12679773076685352
1427388764530 0.20972075 -0.12679773076685352
1427388764603 0.2118645 -0.1408347604849311
1427388764818 0.21074975 -0.13354212164367818
1427388764894 0.21074975 -0.13354212164367818
1427388764967 0.20903475000000002 -0.12229497995882553
1427388765039 0.20903475000000002 -0.12229497995882553
1427388765111 0.20903475000000002 -0.12229497995882553
1427388765183 0.20946350000000002 -0.12510979497608288
1427388765255 0.20800575000000002 -0.11553155339138514
1427388765331 0.20843450000000002 -0.11835097418756534
1427388765401 0.212036 -0.1419553874513241
1427388765474 0.212036 -0.1419553874513241
1427388765546 0.21246475000000004 -0.14475537919117581
1427388765618 0.21032100000000004 -0.15872026411036683
1427388765691 0.21014950000000004 -0.15983483616581026
1427388765762 0.20946350000000002 -0.16428909503747952
1427388765834 0.20946350000000002 -0.16428909503747952
1427388765911 0.21117850000000005 -0.15314148761976884
1427388765978 0.21117850000000005 -0.15314148761976884
1427388766052 0.20629075000000002 -0.12116850584544256
1427388766124 0.20646225 -0.12229497995882543
1427388766196 0.20474725000000002 -0.111016658022371
1427388766269 0.19874475000000003 -0.07133707555175636
1427388766340 0.19874475000000003 -0.07133707555175636
1427388766412 0.14712325000000004 0.26621270257488044
1427388766484 0.14497950000000004 0.2794663763412479
1427388766556 0.144465 0.28263250030762255
1427388766628 0.14275000000000004 0.293144011826533
1427388766700 0.14275000000000004 0.293144011826533
1427388766797 0.13932 0.3139665662440772
1427388766868 0.1360615 0.33349088507727465
1427388766942 0.13820525000000006 0.32067466910674
1427388767019 0.14403625000000003 0.28526649955784444
1427388767092 0.13906275 0.31551721012247186
1427388767166 0.14292150000000003 0.29209581559385417
1427388767241 0.14592275000000005 0.31034232739727974
1427388767314 0.14592275000000005 0.31034232739727974
1427388767424 0.13391775 0.3811427092706243
1427388767496 0.1412065 0.33858593579450824
1427388767569 0.14763775 0.2999410561523899
1427388767641 0.15389750000000002 0.2614175670224037
1427388767713 0.15063900000000002 0.28157776904379134
1427388767785 0.154069 0.26035030011830573
1427388767861 0.15235400000000004 0.27099533106084844
1427388767933 0.15192525 0.2736468802397869
1427388768004 0.15192525 0.2736468802397869
1427388768076 0.15192525 0.2736468802397869
1427388768151 0.15192525 0.2736468802397869
1427388768221 0.15449775 0.2576794804363277
1427388768293 0.15449775 0.2576794804363277
1427388768365 0.15449775 0.2576794804363277
1427388768437 0.15449775 0.2576794804363277
1427388768509 0.15449775 0.2576794804363277
1427388768581 0.15449775 0.2576794804363277
1427388768653 0.15449775 0.2576794804363277
1427388768728 0.15449775 0.2576794804363277
1427388768800 0.15278275 0.2469588562299496
1427388768871 0.15278275 0.2469588562299496
1427388768943 0.14720900000000003 0.21172518253635608
1427388769015 0.15278275 0.2469588562299496
1427388769088 0.15278275 0.2469588562299496
1427388769159 0.15278275 0.2469588562299496
1427388769237 0.15278275 0.2469588562299496
1427388769305 0.16461625000000002 0.17151318431946805
1427388769376 0.1607575 0.19637612162516888
1427388769451 0.16032875 0.19912412699819043
1427388769522 0.161615 0.19087112398947725
1427388769595 0.161615 0.19087112398947725
1427388769671 0.14515100000000003 0.29419154520641305
1427388769743 0.15415475000000003 0.2383403106600925
1427388769865 0.16461625000000002 0.17151318431946805
1427388769944 0.1607575 0.19637612162516888
1427388770050 0.161615 0.19087112398947725
1427388770123 0.16333000000000003 0.20186908798159506
1427388770196 0.16333000000000003 0.20186908798159506
1427388770268 0.16333000000000003 0.20186908798159506
1427388770340 0.16333000000000003 0.20186908798159506
1427388770415 0.16333000000000003 0.20186908798159506
1427388770484 0.16333000000000003 0.20186908798159506
1427388770556 0.16333000000000003 0.20186908798159506
1427388770630 0.16333000000000003 0.20186908798159506
1427388770708 0.15235400000000004 0.27099533106084844
1427388770809 0.16075750000000005 0.21827291104358013
1427388770883 0.16075750000000005 0.21827291104358013
1427388770954 0.16204375 0.2100853435297331
1427388771030 0.161615 0.21281776723179138
1427388771098 0.15792775000000003 0.23617996957883264
1427388771170 0.157499 0.23888004260430282
1427388771244 0.16075750000000005 0.21827291104358013
1427388771316 0.15878525000000004 0.23076931504177536
1427388771391 0.161615 0.21281776723179138
1427388771464 0.15990000000000001 0.20186908798159495
1427388771536 0.15818500000000002 0.19087112398947736
1427388771608 0.15818500000000002 0.19087112398947736
1427388771680 0.15861375000000003 0.1936251083668152
1427388771752 0.1573275 0.1853543902394901
1427388771824 0.1573275 0.1853543902394901
1427388771903 0.15278275000000002 0.214455676698876
1427388771975 0.154069 0.2062546028694866
1427388772077 0.154069 0.2062546028694866
1427388772152 0.1532115 0.21172518253635603
1427388772226 0.15278275000000002 0.214455676698876
1427388772299 0.154069 0.2062546028694866
1427388772376 0.15707025000000002 0.22534486887312005
1427388772451 0.15707025000000002 0.22534486887312005
1427388772523 0.15707025000000002 0.22534486887312005
1427388772649 0.154069 0.24426951793841242
1427388772751 0.15106775000000003 0.2630173246469363
1427388772819 0.15235400000000002 0.25500489567884566
1427388772891 0.154069 0.24426951793841242
1427388772963 0.154069 0.24426951793841242
1427388773039 0.15535525000000003 0.23617996957883255
1427388773116 0.15707025000000002 0.22534486887312005
1427388773187 0.15278275000000002 0.2523265762240252
1427388773259 0.15707025000000002 0.22534486887312005
1427388773331 0.154069 0.24426951793841242
1427388773404 0.154069 0.24426951793841242
1427388773479 0.15106775 0.2253448688731201
1427388773557 0.14806650000000005 0.24426951793841234
1427388773629 0.1497815 0.2334763828125222
1427388773701 0.14935275000000003 0.23617996957883264
1427388773775 0.14935275000000003 0.23617996957883264
1427388773877 0.14420775000000002 0.2683398694406466
1427388773949 0.14849525000000002 0.2947150628049222
1427388774023 0.148924 0.29733015158668563
1427388774095 0.14129225 0.25018125228326116
1427388774167 0.14720900000000003 0.2868449505819443
1427388774239 0.14720900000000003 0.2868449505819443
1427388774311 0.14000600000000002 0.24211544643287253
1427388774384 0.14575125 0.2778811498731991
1427388774506 0.14575125 0.2778811498731991
1427388774578 0.14575125 0.2778811498731991
1427388774650 0.14575125 0.2778811498731991
1427388774726 0.14575125 0.2778811498731991
1427388774794 0.14575125 0.2778811498731991
1427388774865 0.14575125 0.2778811498731991
1427388774937 0.14575125 0.2778811498731991
1427388775009 0.14575125 0.2778811498731991
1427388775081 0.14575125 0.2778811498731991
1427388775153 0.14575125 0.2778811498731991
1427388775225 0.14575125 0.2778811498731991
1427388775300 0.14575125 0.2778811498731991
1427388775397 0.14575125 0.2778811498731991
1427388775472 0.14575125 0.2778811498731991
1427388775546 0.145494 0.2762944884159454
1427388775620 0.138291 0.23131100549522862
1427388775695 0.138291 0.23131100549522862
1427388775766 0.138291 0.23131100549522862
1427388775880 0.138291 0.23131100549522862
1427388775951 0.138291 0.23131100549522862
1427388776024 0.138291 0.23131100549522862
1427388776104 0.138291 0.23131100549522862
1427388776175 0.138291 0.23131100549522862
1427388776299 0.138291 0.23131100549522862
1427388776371 0.138291 0.23131100549522862
1427388776445 0.13228850000000003 0.19307454799975718
1427388776516 0.138291 0.23131100549522862
1427388776590 0.138291 0.23131100549522862
1427388776662 0.138291 0.23131100549522862
1427388776734 0.138291 0.23131100549522862
1427388776806 0.138291 0.23131100549522862
1427388776888 0.138291 0.23131100549522862
1427388776960 0.138291 0.23131100549522862
1427388777056 0.138291 0.23131100549522862
1427388777128 0.138291 0.23131100549522862
1427388777202 0.138291 0.23131100549522862
1427388777276 0.138291 0.23131100549522862
1427388777355 0.1243995 0.14195538745132402
1427388893944 0.023043000000000036 -0.02057709527841333
1427388894015 0.02432925000000008 -0.029146743490847456
1427388957819 -0.05001599999999995 -0.27735242186606546
1427388957894 -0.04529974999999997 -0.3061900037106692
1427388957966 -0.04315599999999997 -0.3191292720156153
1427388958038 -0.04315599999999997 -0.3191292720156153
1427388958114 -0.044870999999999994 -0.3087864932413862
1427388958195 -0.053017250000000016 -0.2587482618092774
1427389031627 0.13048775 -0.3562740937232935
1427389031714 0.13606150000000006 -0.38850924019271565
1427389031785 0.13820525000000006 -0.40068847678544184
1427389031857 0.13820525000000006 -0.40068847678544184
1427389031929 0.13820525000000006 -0.40068847678544184
1427389032001 0.13820525000000006 -0.40068847678544184
1427389032082 0.13820525000000006 -0.40068847678544184
1427389032152 0.13820525000000006 -0.40068847678544184
1427389032228 0.1394915 -0.4079364195838205
1427389032325 0.1394915 -0.4079364195838205
1427389032399 0.1394915 -0.4079364195838205
1427389032472 0.1394915 -0.4079364195838205
1427389032543 0.1394915 -0.4079364195838205
1427389032624 0.1394915 -0.4079364195838205
1427389032696 0.1394915 -0.4079364195838205
1427389032770 0.1394915 -0.4079364195838205
1427389032844 0.1394915 -0.4079364195838205
1427389032918 0.1394915 -0.4079364195838205
1427389032991 0.1394915 -0.4079364195838205
1427389033065 0.13820525000000006 -0.40068847678544184
1427389033167 0.13777650000000002 -0.398262527033961
1427389033242 0.13777650000000002 -0.398262527033961
1427389033313 0.13777650000000002 -0.398262527033961
1427389033389 0.1394915 -0.4079364195838205
1427389033491 0.13906275 -0.40552543591606005
1427389033563 0.14060625000000004 -0.41418148172417835
1427389033635 0.136919 -0.3933957535933021
1427389033709 0.13649025000000004 -0.3909549573457435
1427389033783 0.13649025000000004 -0.3909549573457435
1427389033857 0.13649025000000004 -0.3909549573457435
1427389033930 0.13820525000000006 -0.40068847678544184
1427389034005 0.13820525000000006 -0.40068847678544184
1427389034078 0.13777650000000002 -0.398262527033961
1427389034155 0.13777650000000002 -0.398262527033961
1427389034230 0.13932 -0.4069726270987374
1427389034301 0.13932 -0.4069726270987374
1427389034375 0.13932 -0.4069726270987374
1427389034456 0.13932 -0.4069726270987374
1427389034531 0.13932 -0.4069726270987374
1427389034602 0.13932 -0.4069726270987374
1427389034679 0.13932 -0.4069726270987374
1427389034750 0.13674750000000002 -0.4213449337880495
1427389034824 0.13589000000000007 -0.4260951954672359
1427389034899 0.13974875000000003 -0.4045596413227556
1427389034971 0.14060625000000004 -0.3997186932421917
1427389035045 0.14489375000000004 -0.3752179640446898
1427389035119 0.14489375000000004 -0.3752179640446898
1427389035192 0.1436075 -0.38261952881530853
1427389035265 0.14660875000000007 -0.36528176430271914
1427389035344 0.14506525000000003 -0.35627409372329344
1427389035418 0.14506525000000003 -0.35627409372329344
1427389035492 0.14077775000000003 -0.33093658033391055
1427389035564 0.14463650000000006 -0.35376113623004235
1427389035635 0.14249275000000006 -0.3411266398404196
1427389035706 0.14206400000000002 -0.33858593579450824
1427389035780 0.14206400000000002 -0.33858593579450824
1427389035851 0.14206400000000002 -0.33858593579450824
1427389035925 0.14377900000000005 -0.3487212216608884
1427389035997 0.13974875000000003 -0.3247879666289167
1427389036071 0.14377900000000005 -0.3487212216608884
1427389036142 0.14335025 -0.34619430280948604
1427389036244 0.14335025 -0.34619430280948604
1427389036316 0.13786225000000002 -0.3781838232820987
1427389036442 0.13786225000000002 -0.3781838232820987
1427389036516 0.13786225000000002 -0.3781838232820987
1427389036594 0.13314600000000004 -0.40504263859952216
1427389036671 0.1305735 -0.3904662071293967
1427389036744 0.13014475000000003 -0.3880195075198896
1427389036854 0.13185975000000005 -0.39777674115287687
1427389036925 0.13185975000000005 -0.39777674115287687
1427389037054 0.13185975000000005 -0.39777674115287687
1427389037127 0.13185975000000005 -0.39777674115287687
1427389037200 0.1412065 -0.34366276890881853
1427389037271 0.14000600000000002 -0.350739420742897
1427389037345 0.14618000000000003 -0.31396656624407726
1427389037420 0.15046750000000003 -0.28789643577748797
1427389037496 0.14918125000000004 -0.29576159878015684
1427389037574 0.15046750000000003 -0.30358924461405373
1427389037677 0.147895 -0.28789643577748786
1427389037748 0.15689875000000003 -0.2318525577634598
1427389037821 0.15561250000000001 -0.23995908068927607
1427389037893 0.15518375 -0.23726042226143362
1427389037966 0.15518375 -0.23726042226143362
1427389038037 0.15518375 -0.23726042226143362
1427389038109 0.15672725 -0.2469588562299496
1427389038180 0.15672725 -0.2469588562299496
1427389038253 0.15672725 -0.2469588562299496
1427389038325 0.15689875000000003 -0.24803357360822
1427389038396 0.15647 -0.24534568825395892
1427389038468 0.15647 -0.24534568825395892
1427389038540 0.15647 -0.24534568825395892
1427389038612 0.15801350000000003 -0.2550048956788457
1427389038684 0.15604125000000002 -0.24265418003278702
1427389038786 0.15389750000000002 -0.2291434172235757
1427389038858 0.15389750000000002 -0.2291434172235757
1427389038930 0.15389750000000002 -0.2291434172235757
1427389039002 0.15346875000000001 -0.2264308486567649
1427389039074 0.15561250000000001 -0.23995908068927607
1427389039147 0.15518375 -0.23726042226143362
1427389039222 0.15518375 -0.23726042226143362
1427389039291 0.15501225000000002 -0.23617996957883275
1427389039363 0.15501225000000002 -0.23617996957883275
1427389039435 0.15518375 -0.23726042226143362
1427389039506 0.15518375 -0.23726042226143362
1427389039578 0.154755 -0.2345582370792949
1427389039650 0.15286850000000002 -0.22262755738371434
1427389039722 0.15158225000000003 -0.23076931504177545
1427389039796 0.15286850000000002 -0.22262755738371434
1427389039869 0.1562985 -0.24426951793841242
1427389039940 0.15647 -0.24534568825395892
1427389040016 0.15647 -0.24534568825395892
1427389040121 0.15261125000000003 -0.220995561658414
1427389040197 0.15132500000000004 -0.2291434172235757
1427389040267 0.15132500000000004 -0.2291434172235757
1427389040339 0.15132500000000004 -0.2291434172235757
1427389040411 0.15132500000000004 -0.2291434172235757
1427389040483 0.15132500000000004 -0.2291434172235757
1427389040555 0.15132500000000004 -0.2291434172235757
1427389040627 0.13743350000000004 -0.3150005028205402
1427389040703 0.13743350000000004 -0.3150005028205402
1427389040775 0.13786225000000002 -0.31241435928084993
1427389040848 0.13871975000000003 -0.3175822950437786
1427389040919 0.13871975000000003 -0.3175822950437786
1427389040991 0.14026325000000006 -0.3268403602440715
1427389041064 0.14026325000000006 -0.3268403602440715
1427389041137 0.14026325000000006 -0.3268403602440715
1427389041214 0.13640450000000004 -0.3035892446140537
1427389041281 0.14043475000000005 -0.32786548827000517
1427389041352 0.14000600000000002 -0.3253013317849207
1427389041452 0.14000600000000002 -0.3253013317849207
1427389041524 0.14000600000000002 -0.3253013317849207
1427389041601 0.14000600000000002 -0.3253013317849207
1427389041672 0.13743350000000004 -0.3098238880950913
1427389041744 0.13743350000000004 -0.3098238880950913
1427389041820 0.13743350000000004 -0.3098238880950913
1427389041892 0.13743350000000004 -0.3098238880950913
1427389041964 0.13743350000000004 -0.3098238880950913
1427389042035 0.13743350000000004 -0.3098238880950913
1427389042107 0.13700475 -0.3072291132452564
1427389042179 0.13700475 -0.3072291132452564
1427389042251 0.13340325000000003 -0.2852664995578445
1427389042324 0.13340325000000003 -0.2852664995578445
1427389042453 0.13340325000000003 -0.2852664995578445
1427389042524 0.13340325000000003 -0.2852664995578445
1427389042596 0.13871975000000003 -0.3175822950437786
1427389042693 0.13871975000000003 -0.3175822950437786
1427389042765 0.13871975000000003 -0.3175822950437786
1427389042837 0.13829100000000005 -0.3150005028205402
1427389042909 0.18759725000000005 0.002858325549110827
1427389042984 0.18956950000000003 0.016005299836069388
1427389043060 0.18931225000000002 0.01429069375331914
1427389043132 0.19145600000000002 0.028575552886375213
1427389043204 0.19702975000000003 0.06564720041509545
1427389043276 0.19274225000000003 0.03714124546689997
1427389043352 0.19299950000000005 0.03885377010283806
1427389043425 0.19428575000000003 0.04741277384281375
1427389043496 0.19171325000000003 0.06450870255086731
1427389043627 0.19171325000000003 0.06450870255086731
1427389043695 0.19171325000000003 0.06450870255086731
1427389043767 0.19342825000000002 0.053114994181939414
1427389043839 0.19342825000000002 0.053114994181939414
1427389043911 0.19342825000000002 0.053114994181939414
1427389043983 0.18982675000000002 0.0770223276164304
1427389044055 0.18939800000000004 0.07986310698111419
1427389044128 0.19282800000000003 0.057104514405538695
1427389044221 0.19282800000000003 0.057104514405538695
1427389044293 0.19557200000000002 0.0753172589597222
1427389044415 0.19085575000000005 0.04398993616488412
1427389044487 0.1885405 0.028575552886375213
1427389044559 0.19214200000000003 0.05254492157123163
1427389044631 0.18811175000000002 0.02571932752618824
1427389044704 0.18956950000000003 0.03542850285192537
1427389044776 0.18974100000000005 0.03428655828481774
1427389044848 0.18974100000000005 0.03428655828481774
1427389044920 0.18974100000000005 0.03428655828481774
1427389044992 0.18974100000000005 0.03428655828481774
1427389045064 0.18974100000000005 0.03428655828481774
1427389045135 0.18974100000000005 0.03428655828481774
1427389045212 0.18974100000000005 0.03428655828481774
1427389045284 0.18974100000000005 0.03428655828481774
1427389045356 0.18974100000000005 0.03428655828481774
1427389045429 0.18974100000000005 0.03428655828481774
1427389045501 0.18974100000000005 0.03428655828481774
1427389045610 0.19128450000000002 0.024005387832788123
1427389045685 0.19128450000000002 0.024005387832788123
1427389045761 0.19085575000000005 0.026861870650063402
1427389045839 0.19171325000000003 0.03257347461697703
1427389045907 0.18742575000000003 0.004001645306860757
1427389045981 0.18742575000000003 0.004001645306860757
1427389046053 0.18742575000000003 0.004001645306860757
1427389046124 0.18742575000000003 0.004001645306860757
1427389046196 0.18373850000000003 0.028575552886375307
1427389046271 0.18373850000000003 0.028575552886375307
1427389046340 0.18373850000000003 0.028575552886375307
1427389046416 0.18330975000000002 0.03143131195696723
1427389046488 0.18330975000000002 0.03143131195696723
1427389046560 0.18330975000000002 0.03143131195696723
1427389046632 0.18330975000000002 0.03143131195696723
1427389046704 0.18330975000000002 0.03143131195696723
1427389046811 0.18330975000000002 0.03143131195696723
1427389046885 0.18330975000000002 0.03143131195696723
1427389046958 0.18330975000000002 0.03143131195696723
1427389047031 0.18288100000000002 0.0285755528863754
1427389047103 0.184596 0.03999532715481135
1427389047175 0.184596 0.03999532715481135
1427389047247 0.184596 0.03999532715481135
1427389047319 0.184596 0.03999532715481135
1427389047391 0.184596 0.03999532715481135
1427389047464 0.184596 0.03999532715481135
1427389047535 0.184596 0.03999532