1427385782296 0.11916875000000005 -0.25661009664793355
1427385782372 0.11959750000000002 -0.25928242598629664
1427385782441 0.12517125 -0.2936678614775233
1427385782513 0.12517125 -0.2936678614775233
1427385782586 0.12517125 -0.2936678614775233
1427385782662 0.132803 -0.3396027651051444
1427385782744 0.132803 -0.3396027651051444
1427385782818 0.13751925000000004 -0.36727512712229604
1427385782894 0.13777650000000002 -0.36876814633426236
1427385782972 0.13794800000000002 -0.3697625366602519
1427385783060 0.13794800000000002 -0.3697625366602519
1427385783131 0.13794800000000002 -0.3697625366602519
1427385783207 0.13794800000000002 -0.3697625366602519
1427385783302 0.13794800000000002 -0.3697625366602519
1427385783387 0.1436075 -0.4021416590949451
1427385783460 0.1436075 -0.4021416590949451
1427385783532 0.1436075 -0.4021416590949451
1427385783617 0.14720900000000003 -0.4222966138998666
1427385783689 0.14720900000000003 -0.4222966138998666
1427385783777 0.14720900000000003 -0.4222966138998666
1427385783845 0.14720900000000003 -0.4222966138998666
1427385783937 0.14720900000000003 -0.4222966138998666
1427385784009 0.14720900000000003 -0.4222966138998666
1427385784083 0.14720900000000003 -0.4222966138998666
1427385784168 0.14489375000000004 -0.4093806038816915
1427385784241 0.14489375000000004 -0.4093806038816915
1427385784326 0.14832375000000003 -0.428462682656377
1427385784398 0.14849525000000002 -0.4294082474990052
1427385784470 0.14420775000000002 -0.40552543591606005
1427385784552 0.14420775000000002 -0.40552543591606005
1427385784647 0.14420775000000002 -0.40552543591606005
1427385784726 0.14420775000000002 -0.40552543591606005
1427385784825 0.145494 -0.41274333298643934
1427385784897 0.145494 -0.41274333298643934
1427385784971 0.145494 -0.41274333298643934
1427385785043 0.14317875000000002 -0.39971869324219156
1427385785115 0.14660875 -0.4189621801833642
1427385785187 0.14678025000000006 -0.4199158903346778
1427385785260 0.14292150000000003 -0.39826252703396087
1427385785332 0.14292150000000003 -0.39826252703396087
1427385785416 0.14317875000000002 -0.39971869324219156
1427385785498 0.14317875000000002 -0.39971869324219156
1427385785570 0.14317875000000002 -0.39971869324219156
1427385785658 0.14317875000000002 -0.39971869324219156
1427385785739 0.14249275 -0.39583161477801787
1427385785820 0.14420775000000002 -0.40552543591606005
1427385785898 0.14420775000000002 -0.40552543591606005
1427385785991 0.14420775000000002 -0.40552543591606005
1427385786075 0.14420775000000002 -0.40552543591606005
1427385786144 0.14420775000000002 -0.40552543591606005
1427385786234 0.143779 -0.40310945074578264
1427385786306 0.143779 -0.40310945074578264
1427385786379 0.143779 -0.40310945074578264
1427385786457 0.143779 -0.40310945074578264
1427385786549 0.143779 -0.40310945074578264
1427385786622 0.143779 -0.40310945074578264
1427385786694 0.143779 -0.40310945074578264
1427385786830 0.143779 -0.40310945074578264
1427385786912 0.14146375 -0.38997726019055623
1427385786985 0.145494 -0.41274333298643934
1427385787068 0.14506525000000003 -0.4103423893217701
1427385787140 0.14103500000000002 -0.3875295787049124
1427385787225 0.12911575000000003 -0.4537040744644513
1427385787301 0.12911575000000003 -0.4537040744644513
1427385787372 0.12911575000000003 -0.4537040744644513
1427385787462 0.12911575000000003 -0.4537040744644513
1427385787543 0.1305735 -0.4615253626024017
1427385787619 0.1305735 -0.4615253626024017
1427385787691 0.1305735 -0.4615253626024017
1427385787770 0.13014475000000003 -0.45923124025136725
1427385787842 0.13014475000000003 -0.45923124025136725
1427385787926 0.13014475000000003 -0.45923124025136725
1427385788000 0.13014475000000003 -0.45923124025136725
1427385788096 0.1394915 -0.4079364195838205
1427385788171 0.145494 -0.3737324280838428
1427385788253 0.143779 -0.38360310126396935
1427385788320 0.143779 -0.38360310126396935
1427385788392 0.143779 -0.38360310126396935
1427385788474 0.145494 -0.393395753593302
1427385788546 0.145494 -0.393395753593302
1427385788618 0.145494 -0.393395753593302
1427385788691 0.145494 -0.393395753593302
1427385788768 0.14317875000000002 -0.38015719042979434
1427385788844 0.1394915 -0.35878235971704714
1427385788911 0.1394915 -0.35878235971704714
1427385788996 0.14660875 -0.3997186932421916
1427385789069 0.14660875 -0.3997186932421916
1427385789142 0.14292150000000003 -0.3786774559387545
1427385789227 0.1412065 -0.38850924019271565
1427385789301 0.1412065 -0.38850924019271565
1427385789393 0.1412065 -0.38850924019271565
1427385789463 0.1412065 -0.38850924019271565
1427385789540 0.1412065 -0.38850924019271565
1427385789613 0.13871975000000003 -0.40262565464508754
1427385789684 0.13743350000000004 -0.4098615970755278
1427385789766 0.13829100000000005 -0.41466046116536087
1427385789843 0.13829100000000005 -0.41466046116536087
1427385789915 0.13829100000000005 -0.41466046116536087
1427385789987 0.13829100000000005 -0.41466046116536087
1427385790061 0.13829100000000005 -0.41466046116536087
1427385790143 0.13829100000000005 -0.41466046116536087
1427385790227 0.13777650000000002 -0.4175300949329879
1427385790300 0.14335025 -0.3860586165842077
1427385790373 0.14335025 -0.3860586165842077
1427385790485 0.13957724999999999 -0.4074546235710755
1427385790566 0.14112075000000002 -0.416096187784058
1427385790652 0.14112075000000002 -0.416096187784058
1427385790733 0.14626575000000003 -0.3870394538652618
1427385790804 0.1487525 -0.3727411078449005
1427385790878 0.15123925000000002 -0.35828108272329245
1427385790953 0.15672725 -0.325814519224632
1427385791092 0.15586975000000003 -0.33093658033391055
1427385791169 0.15424050000000003 -0.34061886437791294
1427385791257 0.14815225000000004 -0.3041097368161137
1427385791335 0.14815225000000004 -0.3041097368161137
1427385791405 0.14815225000000004 -0.3041097368161137
1427385791484 0.14815225000000004 -0.3041097368161137
1427385791553 0.14815225000000004 -0.3041097368161137
1427385791633 0.14815225000000004 -0.3041097368161137
1427385791719 0.14094925000000003 -0.34720562525896453
1427385791791 0.13966299999999998 -0.35476688102038706
1427385791883 0.14223550000000007 -0.3396027651051444
1427385791969 0.145494 -0.35878235971704714
1427385792052 0.145494 -0.35878235971704714
1427385792123 0.1412065 -0.33349088507727437
1427385792205 0.14086350000000003 -0.33553108085401867
1427385792277 0.14086350000000003 -0.33553108085401867
1427385792355 0.14129225 -0.3329803844513481
1427385792423 0.1470375 -0.2983750169525187
1427385792496 0.1470375 -0.2983750169525187
1427385792567 0.15346875000000004 -0.2587482618092772
1427385792641 0.15346875000000004 -0.2587482618092772
1427385792728 0.15346875000000004 -0.2587482618092772
1427385792808 0.15887100000000004 -0.29209581559385417
1427385792938 0.15887100000000004 -0.29209581559385417
1427385793019 0.14189250000000003 -0.3924200265155479
1427385793111 0.14189250000000003 -0.3924200265155479
1427385793185 0.14189250000000003 -0.3924200265155479
1427385793275 0.13666175000000003 -0.36228601551519213
1427385793360 0.13666175000000003 -0.36228601551519213
1427385793433 0.13666175000000003 -0.36228601551519213
1427385793504 0.13794800000000002 -0.3697625366602519
1427385793584 0.13794800000000002 -0.3697625366602519
1427385793656 0.13794800000000002 -0.3697625366602519
1427385793744 0.13932 -0.3617860603195965
1427385793817 0.1415495 -0.3487212216608886
1427385793889 0.14197825000000003 -0.3461943028094861
1427385793969 0.14180674999999998 -0.3451822419486737
1427385794044 0.14180674999999998 -0.3451822419486737
1427385794113 0.14180674999999998 -0.3451822419486737
1427385794249 0.14197825000000003 -0.3461943028094861
1427385794337 0.19162750000000003 -0.029717915071809715
1427385794409 0.19162750000000003 -0.029717915071809715
1427385794548 0.19162750000000003 -0.029717915071809715
1427385794651 0.19119875000000003 -0.026861870650063402
1427385794733 0.19119875000000003 -0.026861870650063402
1427385794809 0.19119875000000003 -0.026861870650063402
1427385794881 0.19119875000000003 -0.026861870650063402
1427385794982 0.19548625000000003 0.0017149983186025865
1427385795050 0.20106000000000002 0.03885377010283806
1427385795128 0.19677250000000002 0.010289636840608334
1427385795223 0.19634375000000004 0.007431529855035786
1427385795296 0.19805875000000003 0.018862762533965
1427385795371 0.19763000000000003 0.016005299836069478
1427385795458 0.19763000000000003 0.016005299836069478
1427385795547 0.19763000000000003 0.016005299836069478
1427385795621 0.19763000000000003 0.016005299836069478
1427385795693 0.19763000000000003 0.016005299836069478
1427385795768 0.19763000000000003 0.016005299836069478
1427385795870 0.19634375000000004 0.007431529855035786
1427385795943 0.19634375000000004 0.007431529855035786
1427385796014 0.19591500000000003 0.004573301449401943
1427385796104 0.19745850000000004 0.014862238949075806
1427385796176 0.19334250000000003 -0.012576003635133884
1427385796252 0.19334250000000003 -0.012576003635133884
1427385796324 0.19334250000000003 -0.012576003635133884
1427385796393 0.19291375000000002 -0.015433774434369414
1427385796466 0.19291375000000002 -0.015433774434369414
1427385796546 0.19291375000000002 -0.015433774434369414
1427385796643 0.19291375000000002 -0.015433774434369414
1427385796724 0.19291375000000002 -0.015433774434369414
1427385796798 0.19291375000000002 -0.015433774434369414
1427385796868 0.19291375000000002 -0.015433774434369414
1427385796967 0.19462875000000002 -0.004001645306860849
1427385797051 0.19462875000000002 -0.004001645306860849
1427385797151 0.19462875000000002 -0.004001645306860849
1427385797226 0.19059850000000003 -0.030860199676460642
1427385797318 0.19188475000000005 -0.02229130706487847
1427385797391 0.19162750000000003 -0.024005387832788216
1427385797464 0.19119875000000003 -0.026861870650063402
1427385797535 0.19291375000000002 -0.015433774434369414
1427385797608 0.19291375000000002 -0.015433774434369414
1427385797684 0.19291375000000002 -0.015433774434369414
1427385797765 0.19291375000000002 -0.015433774434369414
1427385797848 0.19034125000000002 -0.03257347461697713
1427385797920 0.18991250000000004 -0.03542850285192537
1427385798006 0.18991250000000004 -0.03542850285192537
1427385798083 0.19119875000000003 -0.026861870650063402
1427385798166 0.19145600000000002 -0.028575552886375213
1427385798257 0.19145600000000002 -0.028575552886375213
1427385798337 0.19145600000000002 -0.028575552886375213
1427385798410 0.18742575 -0.055394935419393075
1427385798483 0.193171 -0.01714831889636864
1427385798570 0.193171 -0.01714831889636864
1427385798650 0.19334250000000003 -0.018291293145748927
1427385798750 0.19334250000000003 -0.018291293145748927
1427385798822 0.19334250000000003 -0.018291293145748927
1427385798895 0.19334250000000003 -0.018291293145748927
1427385798969 0.1974585 -0.04570148895456721
1427385799045 0.19205625 -0.009718027398090814
1427385799118 0.19205625 -0.009718027398090814
1427385799208 0.18734 -0.04113677992071912
1427385799292 0.18905500000000003 -0.029717915071809715
1427385799366 0.18734 -0.04113677992071912
1427385799464 0.19257075 -0.07588566442397929
1427385799549 0.19257075 -0.07588566442397929
1427385799633 0.19385700000000003 -0.0673546268013353
1427385799707 0.19385700000000003 -0.0673546268013353
1427385799796 0.19385700000000003 -0.0673546268013353
1427385799875 0.18673975 -0.02000566397309525
1427385799947 0.18673975 -0.02000566397309525
1427385800020 0.19231350000000003 -0.057104514405538695
1427385800134 0.19274225000000003 -0.059953065406809156
1427385800206 0.19274225000000003 -0.059953065406809156
1427385800278 0.19274225000000003 -0.059953065406809156
1427385800375 0.19145600000000002 -0.06849269320765297
1427385800449 0.19102725000000004 -0.07133707555175646
1427385800522 0.19102725000000004 -0.07133707555175646
1427385800596 0.19257075 -0.06109221570806975
1427385800680 0.18210925000000003 -0.13017141488780418
1427385800754 0.18845475 -0.08837751878921048
1427385800849 0.18845475 -0.08837751878921048
1427385800920 0.18845475 -0.08837751878921048
1427385801022 0.185625 -0.06963058194101578
1427385801105 0.19145600000000002 -0.10819252698789456
1427385801186 0.19102725000000004 -0.1110166580223709
1427385801258 0.19102725000000004 -0.1110166580223709
1427385801346 0.19102725000000004 -0.1110166580223709
1427385801420 0.19102725000000004 -0.1110166580223709
1427385801490 0.19102725000000004 -0.1110166580223709
1427385801564 0.19102725000000004 -0.1110166580223709
1427385801660 0.19085575000000005 -0.1098872164287059
1427385801732 0.19102725000000004 -0.1110166580223709
1427385801818 0.18931225000000002 -0.09970990644636149
1427385801897 0.19102725 -0.0883775187892104
1427385801984 0.19102725 -0.0883775187892104
1427385802055 0.19102725 -0.0883775187892104
1427385802128 0.19102725 -0.0883775187892104
1427385802200 0.19102725 -0.0883775187892104
1427385802280 0.18974100000000002 -0.07986310698111437
1427385802355 0.18974100000000002 -0.07986310698111437
1427385802427 0.18974100000000002 -0.07986310698111437
1427385802511 0.185625 -0.05254492157123163
1427385802592 0.18673975 -0.04513100063282145
1427385802664 0.17627825000000003 -0.11440326573306889
1427385802737 0.18673975 -0.04513100063282145
1427385802810 0.18262375000000003 -0.07247450740230002
1427385802882 0.18262375000000003 -0.07247450740230002
1427385802958 0.18262375000000003 -0.07247450740230002
1427385803073 0.18219500000000002 -0.0753172589597222
1427385803151 0.17644975000000002 -0.037141245466900064
1427385803232 0.17061875000000004 0.001714998318602679
1427385803304 0.17061875000000004 0.001714998318602679
1427385803384 0.17233375000000004 0.013147575723125934
1427385803469 0.17233375000000004 0.013147575723125934
1427385803541 0.17233375000000004 0.013147575723125934
1427385803614 0.17233375000000004 0.013147575723125934
1427385803686 0.17233375000000004 0.013147575723125934
1427385803767 0.15312575000000006 0.14027431326419995
1427385803849 0.15355450000000004 0.13747075303219797
1427385803921 0.15355450000000004 0.13747075303219797
1427385803997 0.15261125000000003 0.14363565425918076
1427385804065 0.1521825 0.1464342806038503
1427385804149 0.1504675 0.13522633582169422
1427385804243 0.1521825 0.1464342806038503
1427385804316 0.1521825 0.1464342806038503
1427385804397 0.14532250000000002 0.19087112398947736
1427385804470 0.13992025000000002 0.2253448688731201
1427385804558 0.13949150000000005 0.22805879929142142
1427385804640 0.13949150000000005 0.22805879929142142
1427385804715 0.1412065 0.23888004260430273
1427385804808 0.13717625 0.21336386634426602
1427385804889 0.12517125 0.28842193308493835
1427385804975 0.12156975000000003 0.31034232739727974
1427385805053 0.12131250000000005 0.30878649324138596
1427385805243 0.12131250000000005 0.30878649324138596
1427385805343 0.13005900000000004 0.2550048956788457
1427385805416 0.12963025 0.2576794804363277
1427385805501 0.123199 0.29733015158668563
1427385805581 0.12277025000000003 0.2947150628049222
1427385805653 0.12277025000000003 0.2947150628049222
1427385805738 0.11865425000000002 0.2694025217410422
1427385805810 0.12405650000000001 0.3025477510259136
1427385805883 0.12405650000000001 0.3025477510259136
1427385805963 0.13820525000000006 0.21445567669887608
1427385806048 0.13820525000000006 0.21445567669887608
1427385806120 0.13974875000000003 0.2046109683354422
1427385806192 0.1412065 0.195276075214997
1427385806264 0.145494 0.1676254873300707
1427385806337 0.14249275000000006 0.1870106249280114
1427385806421 0.14232125 0.1859065832420093
1427385806522 0.14232125 0.1859065832420093
1427385806594 0.14232125 0.1859065832420093
1427385806674 0.13889125000000002 0.20789710769743494
1427385806748 0.1401775 0.19967336390953952
1427385806820 0.11711075000000004 0.3421416416026532
1427385806904 0.13117375000000003 0.25661009664793355
1427385807000 0.13134525000000002 0.2576794804363276
1427385807086 0.13177400000000006 0.2603503001183058
1427385807158 0.13177400000000006 0.2603503001183058
1427385807231 0.12465675000000004 0.2155469680317055
1427385807304 0.13005900000000004 0.24964455274924746
1427385807389 0.13005900000000004 0.24964455274924746
1427385807493 0.13091650000000005 0.24426951793841234
1427385807567 0.13134525000000002 0.24157656944249284
1427385807638 0.13348900000000002 0.22805879929142142
1427385807710 0.13306025000000005 0.23076931504177536
1427385807796 0.13734775000000005 0.2576794804363275
1427385807871 0.13717625000000006 0.25661009664793355
1427385807958 0.13777650000000002 0.2603503001183056
1427385808044 0.1394915 0.24964455274924735
1427385808130 0.13357475000000002 0.28631896312279964
1427385808212 0.1295445 0.2614175670224037
1427385808294 0.13357475000000002 0.28631896312279964
1427385808367 0.13357475000000002 0.28631896312279964
1427385808446 0.13777650000000002 0.2603503001183056
1427385808523 0.13357475000000002 0.28631896312279964
1427385808598 0.13357475000000002 0.28631896312279964
1427385808679 0.13649025000000004 0.2683398694406465
1427385808829 0.131774 0.23888004260430282
1427385808901 0.127658 0.21281776723179138
1427385808974 0.13306025 0.2469588562299496
1427385809071 0.13288875 0.24588355616481036
1427385809156 0.13460375000000002 0.23509895469444964
1427385809241 0.13631875 0.22425834811492365
1427385809311 0.13717625 0.21881770566090344
1427385809383 0.13674750000000002 0.2215396936677497
1427385809456 0.13846250000000004 0.2106320844185392
1427385809527 0.1401775 0.19967336390953952
1427385809600 0.14189250000000003 0.18866582215479494
1427385809680 0.13666175000000003 0.15481614579087516
1427385809772 0.14206400000000002 0.18976870661039488
1427385809853 0.13863400000000003 0.21172518253635592
1427385809925 0.13606150000000006 0.22805879929142134
1427385810002 0.13563275000000002 0.23076931504177545
1427385810074 0.136919 0.22262755738371434
1427385810147 0.13306025 0.2469588562299496
1427385810219 0.12877275 0.273646880239787
1427385810300 0.13434650000000004 0.23888004260430273
1427385810379 0.13374625 0.2350989546944495
1427385810463 0.13417500000000004 0.23780043712610036
1427385810544 0.13031625000000002 0.26195097216634267
1427385810617 0.13203125000000004 0.25125420958854816
1427385810689 0.13374625 0.2404983863141552
1427385810771 0.12774375 0.2778811498731991
1427385810852 0.12963025 0.28947243605053696
1427385810926 0.12963025 0.28947243605053696
1427385811011 0.12945875 0.28842193308493863
1427385811083 0.12963025 0.28947243605053696
1427385811155 0.12963025 0.28947243605053696
1427385811235 0.12105525000000006 0.3411266398404197
1427385811315 0.11676775 0.3662788267589387
1427385811388 0.11085100000000003 0.400203684477415
1427385811468 0.11085100000000003 0.400203684477415
1427385811547 0.11196575000000003 0.4064904302657682
1427385811619 0.1082785 0.3855679043801158
1427385811692 0.1082785 0.3855679043801158
1427385811781 0.10784975000000002 0.38311141251271097
1427385811854 0.10784975000000002 0.38311141251271097
1427385811942 0.10784975000000002 0.38311141251271097
1427385812073 0.10784975000000002 0.38311141251271097
1427385812155 0.1082785 0.3855679043801158
1427385812262 0.10150425000000002 0.3461943028094861
1427385812335 0.10639199999999999 0.3747229781516396
1427385812407 0.11085100000000003 0.400203684477415
1427385812480 0.11085100000000003 0.400203684477415
1427385812554 0.11067950000000004 0.39923350318560324
1427385812639 0.11067950000000004 0.39923350318560324
1427385812719 0.11067950000000004 0.39923350318560324
1427385812804 0.11067950000000004 0.39923350318560324
1427385812877 0.11067950000000004 0.39923350318560324
1427385812949 0.11067950000000004 0.39923350318560324
1427385813024 0.11067950000000004 0.39923350318560324
1427385813093 0.11067950000000004 0.39923350318560324
1427385813166 0.11067950000000004 0.39923350318560324
1427385813249 0.112566 0.4098615970755278
1427385813322 0.112566 0.4098615970755278
1427385813394 0.112566 0.4098615970755278
1427385813482 0.112566 0.4098615970755278
1427385813555 0.112566 0.4098615970755278
1427385813628 0.112566 0.4098615970755278
1427385813711 0.112566 0.4098615970755278
1427385813789 0.112566 0.4098615970755278
1427385813886 0.112566 0.4098615970755278
1427385813970 0.112566 0.4098615970755278
1427385814043 0.11085100000000003 0.400203684477415
1427385814118 0.11085100000000003 0.400203684477415
1427385814190 0.11042225 0.397776741152877
1427385814262 0.10699225000000001 0.3781838232820987
1427385814348 0.10699225000000001 0.3781838232820987
1427385814425 0.10699225000000001 0.3781838232820987
1427385814498 0.10699225000000001 0.3781838232820987
1427385814581 0.1007325 0.3416342323028366
1427385814675 0.09687374999999998 0.318613788321634
1427385814753 0.09687374999999998 0.318613788321634
1427385814829 0.09687374999999998 0.318613788321634
1427385814898 0.09687374999999998 0.318613788321634
1427385815000 0.09687374999999998 0.318613788321634
1427385815072 0.09687374999999998 0.318613788321634
1427385815144 0.09687374999999998 0.318613788321634
1427385815218 0.09687374999999998 0.318613788321634
1427385815299 0.05588525 0.05653469137625834
1427385815372 0.05974400000000002 0.0821348029994214
1427385815444 0.06171625000000003 0.09517986992005138
1427385815516 0.06171625000000003 0.09517986992005138
1427385815605 0.06257374999999998 0.10084178164025535
1427385815677 0.06308825000000001 0.10423584076259983
1427385815751 0.06900499999999998 0.14307565558193555
1427385815831 0.06900499999999998 0.14307565558193555
1427385815895 0.06909074999999998 0.14363565425918068
1427385815980 0.06909074999999998 0.14363565425918068
1427385816053 0.06909074999999998 0.14363565425918068
1427385816139 0.06909074999999998 0.14363565425918068
1427385816214 0.06909074999999998 0.14363565425918068
1427385816286 0.06909074999999998 0.14363565425918068
1427385816366 0.06900499999999998 0.14307565558193555
1427385816444 0.06857625 0.14027431326420003
1427385816516 0.06265949999999998 0.1014076222108879
1427385887879 -0.0013099999999999778 -0.5514581918925183
1427385887949 0.003406250000000055 -0.5739496144173151
1427385888024 0.004263750000000011 -0.5779705170069718
1427385888095 0.008122500000000032 -0.5958054874294343
1427385888168 0.00640750000000001 -0.5879310616741541
1427385888253 0.011123749999999988 -0.6093857829335002
1427385888350 0.011123749999999988 -0.6093857829335002
1427385888427 0.011123749999999988 -0.6093857829335002
1427385888496 0.011123749999999988 -0.6093857829335002
1427385888570 0.011123749999999988 -0.6093857829335002
1427385888649 0.011123749999999988 -0.6093857829335002
1427385888721 0.011123749999999988 -0.6093857829335002
1427385888800 0.019527249999999996 -0.6460742609894918
1427385888872 0.018241000000000007 -0.6405848860108686
1427385888947 0.01866975000000004 -0.6424196995070739
1427385889017 0.017383499999999996 -0.6369001519089947
1427385889091 0.02081350000000004 -0.6515185668820566
1427385889165 0.019527249999999996 -0.6460742609894918
1427385889248 0.014125000000000054 -0.6227134251959017
1427385889328 0.014125000000000054 -0.6227134251959017
1427385889420 0.014125000000000054 -0.6227134251959017
1427385889492 0.014125000000000054 -0.6227134251959017
1427385889567 0.014125000000000054 -0.6227134251959017
1427385889652 0.019527249999999996 -0.6460742609894918
1427385889739 0.01866975000000004 -0.6424196995070739
1427385889818 0.01866975000000004 -0.6424196995070739
1427385889911 0.01866975000000004 -0.6424196995070739
1427385889984 0.01866975000000004 -0.6424196995070739
1427385890063 0.024672250000000062 -0.6675834426424405
1427385890135 0.02295725000000004 -0.660492895033294
1427385890208 0.021242250000000018 -0.6533233604082371
1427385890280 0.025958499999999995 -0.6728498765068204
1427385890353 0.02510100000000004 -0.6693438073715741
1427385890426 0.023814749999999996 -0.6640480053406358
1427385890498 0.02209975000000003 -0.6569180376734678
1427385890570 0.025958499999999995 -0.6728498765068204
1427385890643 0.02510100000000004 -0.6693438073715741
1427385890733 0.02938850000000004 -0.6866801073411318
1427385890812 0.02938850000000004 -0.6866801073411318
1427385890887 0.02938850000000004 -0.6866801073411318
1427385890956 0.02938850000000004 -0.6866801073411318
1427385891054 0.02938850000000004 -0.6866801073411318
1427385891125 0.02938850000000004 -0.6866801073411318
1427385891198 0.02938850000000004 -0.6866801073411318
1427385891271 0.02938850000000004 -0.6866801073411318
1427385891343 0.02938850000000004 -0.6866801073411318
1427385891416 0.02938850000000004 -0.6866801073411318
1427385891487 0.02938850000000004 -0.6866801073411318
1427385891560 0.02938850000000004 -0.6866801073411318
1427385891631 0.02938850000000004 -0.6866801073411318
1427385891704 0.02938850000000004 -0.6866801073411318
1427385891775 0.02938850000000004 -0.6866801073411318
1427385891848 0.02938850000000004 -0.6866801073411318
1427385891919 0.02938850000000004 -0.6866801073411318
1427385891991 0.02938850000000004 -0.6866801073411318
1427385892064 0.02938850000000004 -0.6866801073411318
1427385892142 0.03753475000000006 -0.7183077552315555
1427385892214 0.03581975000000004 -0.711789485232
1427385892290 0.034533499999999995 -0.7068521685059858
1427385892360 0.03153225000000004 -0.6951679583250943
1427385892432 0.03924975000000003 -0.7247525876699639
1427385892516 0.03753475000000006 -0.7183077552315555
1427385892587 0.03581975000000004 -0.711789485232
1427385892663 0.034533499999999995 -0.7068521685059858
1427385892745 0.034533499999999995 -0.7068521685059858
1427385892839 0.034533499999999995 -0.7068521685059858
1427385892928 0.03624850000000002 -0.7134259758867816
1427385893011 0.03539100000000006 -0.7101483609967999
1427385893133 0.039678500000000005 -0.7263524039171753
1427385893211 0.039678500000000005 -0.7263524039171753
1427385893284 0.039678500000000005 -0.7263524039171753
1427385893355 0.039678500000000005 -0.7263524039171753
1427385893428 0.039678500000000005 -0.7263524039171753
1427385893519 0.039678500000000005 -0.7263524039171753
1427385893592 0.039678500000000005 -0.7263524039171753
1427385893670 0.042679750000000016 -0.7374247784287506
1427385893743 0.041222000000000036 -0.7320742768197831
1427385893814 0.04010725000000004 -0.7279476856476944
1427385893887 0.04396600000000006 -0.7421030193494472
1427385893959 0.04439475000000004 -0.7436535744377308
1427385894063 0.047395999999999994 -0.7543846135594309
1427385894143 0.047395999999999994 -0.7543846135594309
1427385894231 0.047395999999999994 -0.7543846135594309
1427385894303 0.047395999999999994 -0.7543846135594309
1427385894375 0.047395999999999994 -0.7543846135594309
1427385894447 0.047395999999999994 -0.7543846135594309
1427385894519 0.047395999999999994 -0.7543846135594309
1427385894591 0.047395999999999994 -0.7543846135594309
1427385894664 0.047395999999999994 -0.7543846135594309
1427385894735 0.047395999999999994 -0.7543846135594309
1427385894808 0.047395999999999994 -0.7543846135594309
1427385894879 0.047395999999999994 -0.7543846135594309
1427385894954 0.047395999999999994 -0.7543846135594309
1427385895025 0.047395999999999994 -0.7543846135594309
1427385895118 0.04525225000000005 -0.7467414652101969
1427385895189 0.049539749999999994 -0.7619195148270298
1427385895263 0.047653250000000036 -0.7552944887293859
1427385895335 0.05211225000000003 -0.770820546385866
1427385895408 0.05211225000000003 -0.770820546385866
1427385895488 0.05082600000000004 -0.7663890981526786
1427385895552 0.04996850000000003 -0.7634136325346715
1427385895625 0.048253500000000005 -0.7574114829214232
1427385895701 0.05211225000000003 -0.770820546385866
1427385895775 0.05254100000000006 -0.7722892756138974
1427385895852 0.051254750000000016 -0.7678704692946241
1427385895953 0.055542250000000015 -0.7824536940774012
1427385896039 0.055542250000000015 -0.7824536940774012
1427385896114 0.055542250000000015 -0.7824536940774012
1427385896224 0.055542250000000015 -0.7824536940774012
1427385896297 0.055542250000000015 -0.7824536940774012
1427385896371 0.055542250000000015 -0.7824536940774012
1427385896447 0.055542250000000015 -0.7824536940774012
1427385896534 0.058543500000000026 -0.7924167708096392
1427385896619 0.05725725000000004 -0.7881712780328073
1427385896690 0.056399750000000026 -0.785320657390888
1427385896777 0.056399750000000026 -0.785320657390888
1427385896856 0.056399750000000026 -0.785320657390888
1427385896933 0.05597099999999999 -0.7838892244062099
1427385897005 0.05811475000000005 -0.7910056494099891
1427385897078 0.056399750000000026 -0.785320657390888
1427385897152 0.054684750000000004 -0.7795702946861011
1427385897224 0.05897225000000006 -0.7938238649117754
1427385897297 0.0557995 -0.7833155046098367
1427385897369 0.05811475000000005 -0.7910056494099891
1427385897441 0.056399750000000026 -0.785320657390888
1427385897516 0.05811475000000005 -0.7910056494099891
1427385897587 0.06094450000000007 -0.800244956725607
1427385897670 0.056056750000000044 -0.7841758384170417
1427385897749 0.056056750000000044 -0.7841758384170417
1427385897821 0.056056750000000044 -0.7841758384170417
1427385897910 0.056056750000000044 -0.7841758384170417
1427385897988 0.06077300000000002 -0.7996899453135744
1427385898060 0.05562800000000001 -0.7827411284911366
1427385898138 0.06523200000000001 -0.8139161529051753
1427385898210 0.06394575000000002 -0.8098557034522409
1427385898282 0.06223075 -0.8043873875417047
1427385898354 0.06265950000000003 -0.805760328113187
1427385898433 0.1532115 -0.41274333298643934
1427385898532 0.15149649999999998 -0.4222966138998667
1427385898605 0.15492650000000002 -0.40310945074578275
1427385898687 0.15492650000000002 -0.40310945074578275
1427385898758 0.14832375000000003 -0.36528176430271925
1427385898835 0.15792775000000003 -0.4199158903346779
1427385898908 0.1583565 -0.4222966138998667
1427385898980 0.15664150000000002 -0.4127433329864394
1427385899052 0.15492650000000002 -0.40310945074578275
1427385899124 0.15921400000000002 -0.4270428028150687
1427385899197 0.15964275000000003 -0.42940824749900536
1427385899269 0.1583565 -0.4222966138998667
1427385899340 0.16221525000000003 -0.4434932105269301
1427385899412 0.15921400000000002 -0.4270428028150687
1427385899497 0.16135775000000002 -0.4388187993313004
1427385899570 0.16007150000000003 -0.4317685790112691
1427385899649 0.17790750000000005 -0.3294018403654891
1427385899724 0.18219500000000005 -0.3035892446140537
1427385899797 0.18048000000000003 -0.31396656624407726
1427385899895 0.178765 -0.32427442393501815
1427385899969 0.17362 -0.354766881020387
1427385900040 0.17747875000000002 -0.3319588423727556
1427385900112 0.17747875000000002 -0.3319588423727556
1427385900187 0.17790750000000005 -0.3294018403654891
1427385900261 0.18176625000000002 -0.30619000371066907
1427385900343 0.18734000000000003 -0.3396027651051444
1427385900430 0.18734000000000003 -0.3396027651051444
1427385900499 0.18588225000000003 -0.33093658033391055
1427385900579 0.18631100000000003 -0.32837778446970056
1427385900654 0.18631100000000003 -0.32837778446970056
1427385900728 0.18631100000000003 -0.32837778446970056
1427385900799 0.184596 -0.3385859357945083
1427385900870 0.18502475000000002 -0.33604067727046605
1427385900945 0.18502475000000002 -0.33604067727046605
1427385901017 0.1837385 -0.34366276890881864
1427385901092 0.18759725000000002 -0.32067466910674
1427385901164 0.18759725000000002 -0.32067466910674
1427385901239 0.18631100000000003 -0.32837778446970056
1427385901324 0.18545350000000002 -0.3334908850772745
1427385901386 0.1837385 -0.34366276890881864
1427385901460 0.18759725000000002 -0.32067466910674
1427385901539 0.18356700000000004 -0.2962846167428038
1427385901618 0.1899125 -0.3345113446501827
1427385901690 0.18819750000000002 -0.3242744239350181
1427385901776 0.18862625000000002 -0.3217040536759145
1427385901871 0.1933425 -0.293144011826533
1427385902008 0.1950575 -0.30358924461405373
1427385902082 0.1933425 -0.293144011826533
1427385902151 0.1916275 -0.28263250030762255
1427385902225 0.190427 -0.2752359198810386
1427385902296 0.19462875000000002 -0.30098424068107993
1427385902368 0.1950575 -0.30358924461405373
1427385902440 0.1933425 -0.293144011826533
1427385902513 0.199345 -0.32940184036548925
1427385902584 0.19805875 -0.32170405367591465
1427385902657 0.19085575 -0.2778811498731991
1427385902739 0.1895695 -0.2699336142960159
1427385902811 0.20106000000000002 -0.33960276510514453
1427385902885 0.193857 -0.29628461674280404
1427385902964 0.18999825000000004 -0.3196445801669629
1427385903039 0.19557200000000002 -0.2857928127095297
1427385903110 0.19557200000000002 -0.2857928127095297
1427385903182 0.19428575000000003 -0.2936678614775234
1427385903254 0.19428575000000003 -0.2936678614775234
1427385903326 0.1947145 -0.2910469581845445
1427385903400 0.19257075 -0.30410973681611375
1427385903472 0.19299950000000005 -0.30150557985710646
1427385903544 0.19085575000000005 -0.31448362146495346
1427385903616 0.19171325 -0.309305276645343
1427385903688 0.19557200000000002 -0.2857928127095297
1427385903760 0.19600075000000003 -0.2831596238984442
1427385903832 0.19428575000000003 -0.2936678614775234
1427385903904 0.1947145 -0.2910469581845445
1427385903976 0.19299950000000005 -0.30150557985710646
1427385904048 0.19728700000000005 -0.2752359198810385
1427385904131 0.19642950000000003 -0.2805223938006085
1427385904210 0.17482050000000005 -0.14307565558193544
1427385904287 0.19814450000000003 -0.2910469581845444
1427385904359 0.190427 -0.243192769986869
1427385904432 0.18296675 -0.19582615843156048
1427385904504 0.20114575 -0.3093052766453429
1427385904576 0.19968800000000003 -0.30046273271223445
1427385904648 0.19814450000000003 -0.2910469581845444
1427385904720 0.190427 -0.243192769986869
1427385904792 0.18296675 -0.19582615843156048
1427385904864 0.20114575 -0.3093052766453429
1427385904936 0.19968800000000003 -0.30046273271223445
1427385905008 0.19814450000000003 -0.2910469581845444
1427385905082 0.190427 -0.243192769986869
1427385905190 0.19171325000000003 -0.23509895469444958
1427385905263 0.19771575000000002 -0.19692596450252514
1427385905334 0.19094150000000004 -0.239959080689276
1427385905406 0.19642950000000003 -0.205158971560292
1427385905499 0.1947145 -0.2160924183686111
1427385905573 0.1947145 -0.2160924183686111
1427385905645 0.1947145 -0.2160924183686111
1427385905719 0.18734000000000003 -0.26248422478709654
1427385905793 0.19299950000000002 -0.2269736350092014
1427385905865 0.18579650000000003 -0.27205642183166223
1427385905937 0.19171325000000003 -0.23509895469444958
1427385906010 0.19214200000000003 -0.2323939715818092
1427385906081 0.19214200000000003 -0.2323939715818092
1427385906153 0.19051275 -0.24265418003278702
1427385906227 0.18922650000000002 -0.2507178046457881
1427385906297 0.19514325000000002 -0.2133638663442661
1427385906380 0.17233375 -0.06450870255086741
1427385906452 0.178765 -0.10706238671538053
1427385906524 0.1765355 -0.09234659413958124
1427385906597 0.17404875000000003 -0.07588566442397929
1427385906668 0.19342825000000002 -0.20241771165772943
1427385906740 0.18176625000000002 -0.12679773076685352
1427385906812 0.18468175000000003 -0.14587473870191456
1427385906884 0.18296675 -0.13466501637427367
1427385906956 0.18673975 -0.15927760002716332
1427385907028 0.19342825000000002 -0.20241771165772943
1427385907103 0.18168050000000002 -0.1262351657305004
1427385907172 0.18596800000000002 -0.1542580231823396
1427385907244 0.18845475 -0.1704029426461287
1427385907316 0.18716850000000002 -0.16206277656091603
1427385907389 0.18125175000000002 -0.1234211422311243
1427385907470 0.18168050000000002 -0.1262351657305004
1427385907539 0.190427 -0.18314447753010638
1427385907611 0.1947145 -0.21063208441853928
1427385907684 0.19171325000000003 -0.1914221567809331
1427385907762 0.18999825000000004 -0.2024177116577296
1427385907840 0.18879775000000004 -0.210085343529733
1427385907910 0.19514325000000005 -0.1692922766071619
1427385907982 0.19342825000000002 -0.18037954275952137
1427385908054 0.19342825000000002 -0.18037954275952137
1427385908126 0.19342825000000002 -0.18037954275952137
1427385908201 0.19394275000000002 -0.1770579401858822
1427385908272 0.19394275000000002 -0.1770579401858822
1427385908342 0.19342825000000002 -0.18037954275952137
1427385908414 0.18536775000000003 -0.23185255776346
1427385908486 0.18536775000000003 -0.23185255776346
1427385908558 0.19128450000000002 -0.1941755498882829
1427385908630 0.19128450000000002 -0.1941755498882829
1427385908702 0.18999825000000004 -0.2024177116577296
1427385908776 0.18999825000000004 -0.2024177116577296
1427385908848 0.18159475000000003 -0.2555401123825464
1427385908922 0.18159475000000003 -0.2555401123825464
1427385908997 0.18159475000000003 -0.2555401123825464
1427385909079 0.18159475000000003 -0.2555401123825464
1427385909149 0.18159475000000003 -0.2555401123825464
1427385909221 0.18159475000000003 -0.2555401123825464
1427385909296 0.18159475000000003 -0.2555401123825464
1427385909368 0.18159475000000003 -0.2555401123825464
1427385909455 0.18159475000000003 -0.2555401123825464
1427385909535 0.173963 -0.207349732086363
1427385909607 0.17610675000000003 -0.220995561658414
1427385909679 0.18193775 -0.2576794804363276
1427385909752 0.18236650000000001 -0.2603503001183058
1427385909827 0.18236650000000001 -0.2603503001183058
1427385909896 0.18236650000000001 -0.2603503001183058
1427385909968 0.18022275 -0.24695885622994948
1427385910043 0.18022275 -0.24695885622994948
1427385910112 0.18065150000000002 -0.24964455274924746
1427385910191 0.18065150000000002 -0.24964455274924746
1427385910263 0.175678 -0.21827291104358032
1427385910336 0.17850775000000002 -0.23617996957883275
1427385910407 0.17267675 -0.19912412699819035
1427385910487 0.17267675 -0.19912412699819035
1427385910559 0.17267675 -0.19912412699819035
1427385910633 0.17267675 -0.19912412699819035
1427385910706 0.17267675 -0.19912412699819035
1427385910780 0.17267675 -0.19912412699819035
1427385910852 0.17267675 -0.19912412699819035
1427385910925 0.17267675 -0.19912412699819035
1427385910997 0.17267675 -0.19912412699819035
1427385911069 0.17267675 -0.19912412699819035
1427385911141 0.17267675 -0.19912412699819035
1427385911216 0.17267675 -0.19912412699819035
1427385911291 0.17267675 -0.19912412699819035
1427385911364 0.17267675 -0.19912412699819035
1427385911508 0.17267675 -0.19912412699819035
1427385911590 0.08769850000000001 0.3497306925928792
1427385911667 0.08881325000000001 0.3431559100669185
1427385911741 0.08469725000000006 0.3672751271222959
1427385911821 0.08521175000000003 0.364283940863589
1427385911902 0.08521175000000003 0.364283940863589
1427385911978 0.08521175000000003 0.364283940863589
1427385912048 0.08521175000000003 0.364283940863589
1427385912124 0.08521175000000003 0.364283940863589
1427385912199 0.08521175000000003 0.364283940863589
1427385912270 0.08521175000000003 0.364283940863589
1427385912353 0.08521175000000003 0.364283940863589
1427385912425 0.08521175000000003 0.364283940863589
1427385912497 0.08521175000000003 0.364283940863589
1427385912569 0.08521175000000003 0.364283940863589
1427385912640 0.08521175000000003 0.364283940863589
1427385912712 0.08521175000000003 0.364283940863589
1427385912787 0.08521175000000003 0.364283940863589
1427385912857 0.08521175000000003 0.364283940863589
1427385912929 0.08521175000000003 0.364283940863589
1427385998963 0.08366825 -0.002858325549110734
1427385999034 0.08366825 -0.002858325549110734
1427385999112 0.08366825 -0.002858325549110734
1427385999180 0.08366825 -0.002858325549110734
1427385999260 0.08366825 -0.002858325549110734
1427385999332 0.08366825 -0.002858325549110734
1427385999403 0.08366825 -0.002858325549110734
1427385999475 0.08366825 -0.002858325549110734
1427385999547 0.08366825 -0.002858325549110734
1427385999634 0.08366825 -0.002858325549110734
1427385999709 0.08366825 -0.002858325549110734
1427385999781 0.08366825 -0.002858325549110734
1427385999903 0.08366825 -0.002858325549110734
1427385999985 0.08366825 -0.002858325549110734
1427386000062 0.08366825 -0.002858325549110734
1427386000145 0.08366825 -0.002858325549110734
1427386000219 0.08366825 -0.002858325549110734
1427386000294 0.08366825 -0.002858325549110734
1427386000366 0.08366825 -0.002858325549110734
1427386000439 0.08366825 -0.002858325549110734
1427386000515 0.08366825 -0.002858325549110734
1427386000592 0.08366825 -0.002858325549110734
1427386000694 0.08366825 -0.002858325549110734
1427386000765 0.08366825 -0.002858325549110734
1427386000837 0.08366825 -0.002858325549110734
1427386000909 0.08366825 -0.002858325549110734
1427386000983 0.08366825 -0.002858325549110734
1427386001053 0.08366825 -0.002858325549110734
1427386001128 0.08366825 -0.002858325549110734
1427386001199 0.08366825 -0.002858325549110734
1427386001277 0.08366825 -0.002858325549110734
1427386001352 0.08366825 -0.002858325549110734
1427386001427 0.08366825 -0.002858325549110734
1427386001499 0.08366825 -0.002858325549110734
1427386001571 0.08366825 -0.002858325549110734
1427386001645 0.08366825 -0.002858325549110734
1427386001720 0.08366825 -0.002858325549110734
1427386001798 0.12165550000000003 -0.250717804645788
1427386001872 0.12594300000000003 -0.2773524218660653
1427386001944 0.12594300000000003 -0.2773524218660653
1427386002020 0.12594300000000003 -0.2773524218660653
1427386002139 0.12637175 -0.2799944652374443
1427386002211 0.13065925 -0.30619000371066907
1427386002284 0.13065925 -0.30619000371066907
1427386002356 0.13065925 -0.30619000371066907
1427386002427 0.13108800000000004 -0.30878649324138596
1427386002500 0.13108800000000004 -0.30878649324138596
1427386002572 0.13108800000000004 -0.30878649324138596
1427386002644 0.13108800000000004 -0.30878649324138596
1427386002717 0.13108800000000004 -0.30878649324138596
1427386002788 0.13151675000000002 -0.31137868878806285
1427386002867 0.13537549999999998 -0.3345113446501827
1427386002938 0.131774 -0.312931934962413
1427386003010 0.131774 -0.312931934962413
1427386003083 0.13408925000000005 -0.32684036024407154
1427386003155 0.13391775000000006 -0.325814519224632
1427386003227 0.13391775000000006 -0.325814519224632
1427386003307 0.13391775000000006 -0.325814519224632
1427386003379 0.13391775000000006 -0.325814519224632
1427386003473 0.13391775000000006 -0.325814519224632
1427386003545 0.13391775000000006 -0.325814519224632
1427386003632 0.13108800000000004 -0.30878649324138596
1427386003711 0.13108800000000004 -0.30878649324138596
1427386003789 0.13151675000000002 -0.31137868878806285
1427386003868 0.13151675000000002 -0.31137868878806285
1427386003939 0.13151675000000002 -0.31137868878806285
1427386004012 0.13151675000000002 -0.31137868878806285
1427386004084 0.13151675000000002 -0.31137868878806285
1427386004156 0.13151675000000002 -0.31137868878806285
1427386004259 0.13151675000000002 -0.31137868878806285
1427386004333 0.13151675000000002 -0.31137868878806285
1427386004405 0.13151675000000002 -0.31137868878806285
1427386004484 0.13408925000000005 -0.32684036024407154
1427386004562 0.12894424999999998 -0.2957615987801568
1427386004634 0.132803 -0.3191292720156153
1427386004708 0.132803 -0.3191292720156153
1427386004779 0.13323175000000004 -0.3217040536759146
1427386004852 0.13323175000000004 -0.3217040536759146
1427386004926 0.1370905 -0.3446759350094883
1427386005003 0.13348900000000002 -0.3232468066496212
1427386005076 0.13348900000000002 -0.3232468066496212
1427386005148 0.13580425000000002 -0.3370593258926236
1427386005220 0.13580425000000002 -0.3370593258926236
1427386005307 0.13580425000000002 -0.3370593258926236
1427386005380 0.13580425000000002 -0.3370593258926236
1427386005451 0.13580425000000002 -0.3370593258926236
1427386005523 0.13580425000000002 -0.3370593258926236
1427386005595 0.13580425000000002 -0.3370593258926236
1427386005667 0.13580425000000002 -0.3370593258926236
1427386005742 0.13580425000000002 -0.3370593258926236
1427386005818 0.13580425000000002 -0.3370593258926236
1427386005890 0.13580425000000002 -0.3370593258926236
1427386005988 0.13580425000000002 -0.3370593258926236
1427386006060 0.13580425000000002 -0.3370593258926236
1427386006132 0.13580425000000002 -0.3370593258926236
1427386006203 0.13580425000000002 -0.3370593258926236
1427386006275 0.13580425000000002 -0.3370593258926236
1427386006348 0.13580425000000002 -0.3370593258926236
1427386006419 0.13580425000000002 -0.3370593258926236
1427386006492 0.13580425000000002 -0.3370593258926236
1427386006571 0.13580425000000002 -0.3370593258926236
1427386006648 0.14034900000000006 -0.3637847441244131
1427386006724 0.13520400000000005 -0.33349088507727453
1427386006798 0.14034900000000006 -0.3637847441244131
1427386006870 0.13880550000000003 -0.3547668810203869
1427386006941 0.13880550000000003 -0.3547668810203869
1427386007013 0.13923425 -0.357277964134988
1427386007086 0.13923425 -0.357277964134988
1427386007157 0.13751925000000004 -0.3472056252589645
1427386007229 0.13751925000000004 -0.3472056252589645
1427386007301 0.13751925000000004 -0.3472056252589645
1427386007373 0.14052050000000005 -0.3647829476363432
1427386007446 0.13477525 -0.3309365803339106
1427386007519 0.1360615 -0.33858593579450824
1427386007600 0.14034900000000006 -0.3637847441244131
1427386007672 0.14034900000000006 -0.3637847441244131
1427386007744 0.14034900000000006 -0.3637847441244131
1427386007816 0.14034900000000006 -0.3637847441244131
1427386007888 0.14052050000000005 -0.3647829476363432
1427386007960 0.13923425 -0.357277964134988
1427386008040 0.13751925000000004 -0.36727512712229604
1427386008127 0.13623300000000005 -0.37472297815163963
1427386008210 0.13323174999999998 -0.357277964134988
1427386008283 0.135204 -0.36876814633426247
1427386008363 0.13751925000000004 -0.38212745029396394
1427386008437 0.13751925000000004 -0.38212745029396394
1427386008510 0.13751925000000004 -0.38212745029396394
1427386008587 0.13751925000000004 -0.38212745029396394
1427386008658 0.13751925000000004 -0.38212745029396394
1427386008731 0.13751925000000004 -0.38212745029396394
1427386008803 0.13751925000000004 -0.38212745029396394
1427386008878 0.13751925000000004 -0.38212745029396394
1427386008952 0.13751925000000004 -0.38212745029396394
1427386009023 0.13751925000000004 -0.38212745029396394
1427386009096 0.13751925000000004 -0.38212745029396394
1427386009171 0.14352175000000006 -0.3472056252589645
1427386009244 0.14437925000000001 -0.34214164160265337
1427386009316 0.14266425000000005 -0.3522511175609794
1427386009389 0.14763775 -0.32273273241740985
1427386009462 0.14437925000000001 -0.34214164160265337
1427386009538 0.15021025000000005 -0.30722911324525654
1427386009607 0.15063900000000002 -0.30463005902489076
1427386009698 0.15492650000000002 -0.2784097184367604
1427386009772 0.15321150000000006 -0.2889472665803673
1427386009845 0.15192525 -0.29680746774691275
1427386009919 0.15063900000000002 -0.30463005902489076
1427386009994 0.15492650000000002 -0.2784097184367604
1427386010062 0.15492650000000002 -0.2784097184367604
1427386010139 0.15364025000000003 -0.2863189631227997
1427386010211 0.15364025000000003 -0.2863189631227997
1427386010283 0.15235400000000004 -0.2941915452064133
1427386010355 0.15621275000000007 -0.27046455081276655
1427386010427 0.15106775000000006 -0.3020267500389924
1427386010511 0.15304000000000004 -0.3139665662440772
1427386010587 0.15304000000000004 -0.3139665662440772
1427386010658 0.15346875000000004 -0.31655010181439863
1427386010730 0.15715600000000002 -0.33858593579450824
1427386010805 0.15372600000000003 -0.3180981292693964
1427386010877 0.15063900000000002 -0.29941921120386317
1427386010948 0.15604125000000002 -0.33195884237275547
1427386011021 0.15604125000000002 -0.33195884237275547
1427386011093 0.15604125000000002 -0.33195884237275547
1427386011165 0.15432625000000003 -0.3217040536759145
1427386011239 0.15475500000000003 -0.324274423935018
1427386011315 0.15475500000000003 -0.324274423935018
1427386011394 0.14815224999999999 -0.363285357559256
1427386011466 0.15604125000000002 -0.3165501018143985
1427386011542 0.15432625 -0.32684036024407137
1427386011610 0.16032875000000002 -0.2905222820646247
1427386011682 0.15904250000000003 -0.2983750169525185
1427386011756 0.15947125 -0.2957615987801567
1427386011852 0.165045 -0.2614175670224037
1427386011934 0.15775625 -0.30619000371066907
1427386012003 0.15775625 -0.30619000371066907
1427386012125 0.16333000000000003 -0.2720564218316622
1427386012200 0.14858100000000002 -0.3607855822932021
1427386012272 0.143436 -0.39046620712939667
1427386012344 0.13649025000000004 -0.4294082474990051
1427386012417 0.13649025000000004 -0.4294082474990051
1427386012492 0.13649025000000004 -0.4294082474990051
1427386012565 0.13649025000000004 -0.4294082474990051
1427386012636 0.13649025000000004 -0.4294082474990051
1427386012710 0.15226825 -0.3390944416223768
1427386012784 0.1659025 -0.25607517945341074
1427386012859 0.1659025 -0.25607517945341074
1427386012943 0.16804625000000004 -0.26940252174104207
1427386013015 0.17190500000000003 -0.2931440118265328
1427386013087 0.17173350000000004 -0.29209581559385417
1427386013159 0.16830350000000005 -0.27099533106084844
1427386013231 0.17061875000000004 -0.28526649955784444
1427386013302 0.17061875000000004 -0.28526649955784444
1427386013374 0.17061875000000004 -0.28526649955784444
1427386013447 0.17061875000000004 -0.28526649955